## PMOD: production model data.
## Written: Mon Sep 02 22:43:52 2013 
# nT nIndices 
82 3 
# Catch biomass (katch, tonnes)
0.5391613 0.9065478 1.64023 2.888097 4.991141 5.457929 3.482989 5.829463 3.95032 4.672739 7.20839 6.772279 4.647404 3.849903 4.36502 4.252919 3.755671 3.948899 4.261372 3.759913 4.123298 4.393452 4.590621 5.348777 5.259514 4.87155 5.060734 4.945482 5.004893 4.903681 4.116074 3.37725 4.050273 4.492544 4.623397 3.774119 3.548992 2.964288 2.303089 2.921359 4.576524 4.41612 3.448128 3.033307 2.500862 2.352514 2.275864 2.527323 2.476615 2.351335 2.157171 2.639993 3.292691 3.251097 2.861016 2.880578 2.65127 2.640866 2.100172 1.897442 2.457663 2.107883 2.788839 2.916733 3.068116 2.920815 2.97827 3.091956 3.369357 3.446064 3.629605 3.22066 3.480998 3.326835 3.645206 3.656636 3.509806 3.592159 4.022008 3.767119 3.826389 4.108162 
# Index series types (indexType: 0=abs, 1=rel)
1 1 1 
# First year for each index (fYear) 
15 26 39 
# Last year for each index (lYear) 
82 82 82 
# Index series (possibly a matrix) 
-1 -1 -1 -1 -1 -1 -1 -1 -1 -1 -1 -1 -1 -1 17.661 15.312 15.056 16.973 16.819 13.059 17.687 15.602 16.16 24.736 25.695 19.222 24.6 24.363 20.38 18.397 15.02 14.087 12.956 13.02 13.426 12.667 10.082 9.899 19.222 14.009 11.615 10.034 9.705 10.042 10.09 -1 -1 -1 -1 -1 -1 -1 -1 -1 -1 -1 -1 -1 -1 -1 -1 -1 -1 -1 -1 -1 -1 -1 -1 -1 -1 -1 -1 -1 -1 -1 -1 -1 -1 -1 -1 -1 
 
-1 -1 -1 -1 -1 -1 -1 -1 -1 -1 -1 -1 -1 -1 -1 -1 -1 -1 -1 -1 -1 -1 -1 -1 -1 20.017 19.336 25.569 36.509 15.571 13.665 11.258 7.721 12.037 7.72 8.912 3.016 8.206 27.59 26.415 19.432 17.382 10.348 10.662 7.087 12.40498 14.30223 10.75215 8.037705 8.18136 19.58539 27.35436 18.53232 9.462043 13.38869 11.35579 12.5493 6.173456 7.301814 20.01374 5.632188 24.00027 15.80145 16.53594 10.51155 15.86651 16.10705 16.64239 21.00895 23.24202 8.83457 28.33784 14.14576 23.37411 19.4777 13.18619 21.69491 35.46683 11.58153 20.39079 40.42151 14.67905 
 
-1 -1 -1 -1 -1 -1 -1 -1 -1 -1 -1 -1 -1 -1 -1 -1 -1 -1 -1 -1 -1 -1 -1 -1 -1 -1 -1 -1 -1 -1 -1 -1 -1 -1 -1 -1 -1 -1 28.364 24.941 23.725 28.924 20.474 26.238 18.329 19.79651 21.78443 21.52598 27.48096 21.89485 23.35997 29.9331 21.16022 24.64862 26.33659 20.58209 23.54115 19.61928 23.31473 24.60602 26.76375 36.08282 30.64047 34.04975 34.55759 29.83248 34.77444 52.59607 33.02404 39.28565 38.85389 30.67907 34.44485 47.05009 39.14482 43.86558 36.36234 46.85068 54.15336 46.10476 36.06594 41.75788 
 
