##  ./assesssp : Surplus production model data.
## Written: Thu Jul  6 09:23:45 2017 
# nT nIndices 
56 3 
# nProjYears 
1 
# trendYears 
0 
# rSeed 
1234 
# ruleType 
2 
# nQlevels 
1 
# Qlevel 
0 
1 
2 
3 
-1 
# Catch biomass (katch, tonnes)
0.5466201 0.9167926 1.646887 2.914829 5.075754 5.555437 3.524672 5.907239 3.986492 4.778339 7.409791 7.078827 4.795659 3.871963 4.381298 4.312776 3.832864 4.030103 4.340522 3.83196 4.195803 4.451893 4.633268 5.403695 5.327518 4.908541 5.116204 5.012227 5.114682 5.006674 4.188404 3.459307 4.145779 4.596536 4.715807 3.82849 3.612533 2.996751 2.289249 2.947242 4.635725 4.531118 3.404744 3.088905 2.506994 2.280936 2.063043 2.198305 1.904658 1.689103 2.57595 2.001992 6.094962 5.125832 5.061573 4.418312 
# Index series indexType: 0=abs, 1=rel)
1 1 1 
# First year for each index (fYear)
1 1 1 
# Last year for each index (lYear)
56 56 56 
# Index series (possibly a matrix)
-1 -1 -1 -1 -1 -1 -1 -1 -1 -1 -1 -1 -1 -1 17.661 15.312 15.056 16.973 16.819 13.059 17.687 15.602 16.16 24.736 25.695 19.222 24.6 24.363 20.38 18.397 15.02 14.087 12.956 13.02 13.426 12.667 10.082 9.899 19.222 14.009 11.615 10.034 9.705 10.042 10.09 -1 -1 -1 -1 -1 -1 -1 -1 -1 -1 -1 
 
-1 -1 -1 -1 -1 -1 -1 -1 -1 -1 -1 -1 -1 -1 -1 -1 -1 -1 -1 -1 -1 -1 -1 -1 -1 20.017 19.594 25.603 37.02 15.565 13.882 11.413 7.879 12.176 7.768 9.394 3.141 8.487 29.228 26.811 19.799 17.702 10.27 10.889 7.229 -1 -1 -1 -1 -1 -1 -1 -1 -1 -1 -1 
 
-1 -1 -1 -1 -1 -1 -1 -1 -1 -1 -1 -1 -1 -1 -1 -1 -1 -1 -1 -1 -1 -1 -1 -1 -1 -1 -1 -1 -1 -1 -1 -1 -1 -1 -1 -1 -1 -1 28.363 24.941 23.789 28.889 20.476 26.243 18.299 21.402 19.851 15.21 19.729 13.443 22.638 19.61573 18.96257 20.81794 16.41036 21.68164 
 
