# Number of parameters = 88 Objective function value = -258.277  Maximum gradient component = 9.50062e-06
# lnMsy:
1.02351742767
# lnFmsy:
-2.76030432777
# pmMsy:
3.40000000000
# psdMsy:
1.60000000000
# pmFmsy:
0.0700000000000
# psdFmsy:
0.00500000000000
# rho:
0.950000000000
# lnOmega:
 0.00966664841173 0.0101233152406 0.0105553844500 0.0108706426778 0.0111211296579 0.0114840486622 0.0116582837119 0.0119389791902 0.0121348968317 0.0120343934043 0.0118713474225 0.0118722357110 0.0119423891557 0.0119450575115 0.0119341162950 0.0119679329788 0.0119626921578 0.0118998801368 0.0118826605526 0.0118015633497 0.0116748721103 0.0114944607417 0.0122110352672 0.00855349874652 0.0206250271524 0.0180186812629 -0.00203094626267 -0.0351414502417 -0.0264658530780 -0.0147192393977 0.000266344604101 0.0310354636620 0.0324646120343 0.0460474043704 0.0465968188043 0.104398980113 0.116629556605 0.0483102261087 0.0164298144044 0.0116122826692 -0.00262597771095 0.00765738788444 -0.00727744138313 0.00286000571638 -0.000862297589138 -0.00268818291446 0.00646910081297 0.000712664367743 0.0124210377189 -0.00155110870067 -0.00755833873315 -0.0377504132921 -0.0187427440092 -0.00441999960093 -0.00209653829127 -0.00378369086057 0.00128797317947 -0.0127376254504 -0.00625458583167 0.000174077052269 0.00146476068792 0.00219149608364 -0.0118566794489 -0.0175816759310 -0.00953721055383 -0.0257299233511 -0.0438626920271 -0.0462481976453 -0.0407134982009 -0.0400010297225 -0.0519781178041 -0.0492098963817 -0.0483743316925 -0.0434875377311 -0.0401279171216 -0.0418254042655 -0.0392485581400 -0.0312205270580 -0.0177007183882 -0.0108946754190 -0.00802691218585 -0.00315884998136 -0.00140377733092 0.00275245031024 -0.000624382436960 0.00449131618496
# log_init_B_mult:
0.00000000000
