# Number of parameters = 254 Objective function value = -340.088  Maximum gradient component = 1.22382e-05
# theta[1]:
0.999999999687
# theta[2]:
0.638361818155
# theta[3]:
-2.42009263655
# theta[4]:
7.40000000000
# theta[5]:
7.20000000000
# theta[6]:
0.332033950102
# theta[7]:
1.01174564175
# sel_par[1]:
 1.90086408279 0.133565367699
# sel_par[2]:
 3.04729660524 1.61534139536
# sel_par[3]:
 5.04382511096 2.57201760136
# sel_par[4]:
 0.720275847948 -2.99573227355
# sel_par[5]:
 0.720275847948 -2.99573227355
# log_ft_pars:
 -12.3296552794 -9.07198466725 -11.7548734024 -13.4303677970 -12.1544488783 -11.9405639427 -11.8546624564 -11.2239302305 -4.83479176908 -5.67055300308 -5.34540531205 -5.79271286088 -6.16005462587 -5.11195907174 -4.30705414226 -3.58992160623 -3.57675240215 -3.53944969462 -3.50036386862 -3.59896247035 -3.54863524359 -3.61497602503 -3.71175928849 -3.54889843166 -3.45749899919 -3.62252996211 -3.46603495131 -3.36782740629 -3.21642723457 -3.18252937197 -3.32838202919 -3.37289570518 -3.15670717080 -3.03505727890 -2.98037040793 -3.18842468164 -3.13102981136 -3.32072396540 -3.71472369820 -3.31926972790 -2.93831395295 -3.10845632360 -3.39544966045 -3.76228954483 -3.97175948437 -4.11320885624 -4.25552759645 -4.10376812924 -4.13228847505 -4.52123156266 -3.86216320556 -4.24582510502 -5.91329339284 -4.97173165880 -3.96164274430 -3.39583478722 -2.87725928645 -2.76399812816 -3.11268697710 -2.77976951730 -3.05746266026 -2.81797054458 -2.47241780360 -2.43926045436 -2.86320664549 -3.18665525945 -3.58023453547 -4.66038865288 -4.99594716695 -4.97710700626 -4.73979894547 -4.97392024674 -4.77536887055 -4.50201760408 -3.82946308665 -3.82326618570 -4.11581462600 -3.73986387036 -3.86975946204 -4.16761296677 -4.82338734407 -4.70441526449 -4.66726732428 -5.16576489528 -4.71878026963 -4.65317294540 -4.26305885964 -4.03819703162 -4.27702278992 -4.24241277559 -4.09340681586 -4.37904819127 -3.45470678896 -3.25999566868 -3.49085406298 -3.20826390879 -3.29167159601 -3.28177133678 -3.27718381242 -3.20121818418 -3.45705048773 -3.33845732310 -3.02578438470 -3.17344651905 -5.42949656198 -5.28618388634 -5.94663351576 -5.79888305431 -5.95064669512 -5.56771463340 -5.28906518427 -4.04818611651 -5.94648967110 -5.06556037209 -4.38775729384 -4.31524336967 -3.86686176030 -4.07742566754 -3.76975547284 -4.57381917157 -5.61616700432 -5.56616597156 -5.47554975103 -5.86336265226 -5.66178558542 -4.82096682879 -5.11606761837 -4.66597105736 -4.66907871754 -4.94395819830 -4.96989674540 -4.92084740118 -4.70330589033 -4.78095627300 -4.86768465607 -5.63760116353 -5.80455623905 -4.89295598604 -4.77217514603 -4.94811445202 -5.01368219952 -5.11686244169 -5.27358080364 -4.85267553023 -5.03528055581 -4.51867175369 -4.89061110004 -4.65289205875 -5.08201900048 -5.13221865637 -5.29181987751 -5.40466342309 -5.21662121703 -5.53334574700 -5.50522427790 -5.58863430165 -9.38067043700 -9.85120876119 -9.34852716741 -9.45769805002 -9.55517497761 -9.86770228249 -9.79257915007 -9.92911754164 -9.55794703756 -9.67640601877 -9.17644025265 -9.92558152648 -8.45857267737 -8.31501631819 -8.52541675314 -8.67621593812 -8.74961069118 -8.96802401050 -8.85158273018 -9.20603687558 -9.06224636455 -8.19669559811 -9.15861553423 -9.17000140823 -8.86426798901 -8.82492789972 -8.59565655986 -8.57743685222 -8.61651278651 -8.67353580631 -8.65625034454 -7.60347655366 -7.91908464172 -7.89580717538 -7.85110914191
# init_log_rec_devs:
 0.00000000000 0.00000000000 0.00000000000 0.00000000000 0.00000000000 0.00000000000 0.00000000000 0.00000000000 0.00000000000 0.00000000000 0.00000000000 0.00000000000 0.00000000000 0.00000000000 0.00000000000 0.00000000000 0.00000000000 0.00000000000 0.00000000000 0.00000000000 0.00000000000 0.00000000000 0.00000000000 0.00000000000 0.00000000000 0.00000000000 0.00000000000 0.00000000000 0.00000000000 0.00000000000 0.00000000000 0.00000000000 0.00000000000 0.00000000000
# log_rec_devs:
 0.00000000000 -5.57340557615 -5.65051876769 -5.53959516903 -5.62823465573 -5.66778074862 -5.63669462817 -5.72658766351 -5.77737271305 -6.26142258511 -5.43441542628 -6.06107330276 -5.61784118897 -6.01726700138 -5.22311002685 -6.33014599163 -5.84347292403 -5.35545849239 -5.93004475386 -6.09243085307 -6.60507829480 -5.79716634483 -6.30424934734 -6.24382898598 -6.90446360758 -6.33915224250 -6.02294696920 -7.03133580955 -7.20977839869 -6.91306456819 -6.25596618679 -6.87731876223 -6.48912474542 -6.96274339101 -6.46728221720 -5.08836487491 -5.59419053039 -7.20125168457 -7.03096696307 -7.29280477685 -7.33261579572 -7.78932653227 -7.16556008987 -6.36240607528 -5.74183442416 -6.55071840163 -6.74942752927 -7.29057838870 -7.31693618142 -7.31523871408 -7.12218452808 -6.93165873155
# log_m_nodesV[1]:
 0.00000000000 0.00000000000 0.00000000000 0.00000000000 0.00000000000 0.00000000000 0.00000000000 0.00000000000 0.00000000000 0.00000000000 0.00000000000 0.00000000000
