# Number of parameters = 267 Objective function value = -1537.49  Maximum gradient component = 0.00120507
# theta[1]:
6.02595621855
# theta[2]:
0.762367866518
# theta[3]:
-0.847393336652
# theta[4]:
5.66280494614
# theta[5]:
5.32380760321
# theta[6]:
0.305165027723
# theta[7]:
1.50111946694
# sel_par[1]:
 0.976832682872 -1.11585645995
# sel_par[2]:
 0.824415630734 -0.238513944948
# sel_par[3]:
 1.56213877460 -1.21160871519
# sel_par[4]:
 0.720275847948 -2.99573227355
# sel_par[5]:
 0.720275847948 -2.99573227355
# log_ft_pars:
 -0.871945098440 -0.154608282716 -7.08332001508 0.208633629977 -1.41750429801 -0.589759424719 -2.72555238118 -4.56568515878 0.362543447940 0.685636246425 0.276214775054 -0.421633300870 -0.514882078382 -0.383623102221 -0.374794406680 -0.0233267975722 0.765685920658 -11.6665094415 -7.92936701522 -3.09500875095 -6.37139209724 -10.0555141397 -9.84508384924 -10.7418204006 -11.1180315538 -10.6267389698 -9.12389893137 -10.3340411710 -3.83871070266 -2.27919700409 -2.35342518574 -2.61298790913 -2.69526409979 -2.77902574763 -2.95262727999 -2.51672496411 -2.50012344657 -2.51814593052 -2.52354621335 -3.43950462653 -2.36455550072 -2.84280238711 -2.20954541546 -2.41272462159 -2.26536149435 -2.27924005961 -2.31505884003 -2.57945635209 -2.45942634541 -2.26390856799 -2.21362675750 -2.55838415141 -2.01388451335 -1.27087967249 -1.63833363821 -1.64449983852 -1.37377970745 -1.33382023589 -2.26009895813 -1.31107690199 -2.99697067877 -1.98510243472 -2.54035933482 -1.33508852482 -1.19692878440 -5.07530608752 -5.47471600256 -1.20889485256 -1.93770707884 -1.79101716959 -1.77508075746 -1.56395770199 -2.34334438866 -1.84143591937 -1.83708097696 -2.73735236923 -3.22091156612 -1.53128896123 -1.81782535289 -2.08193481619 -3.10857165574 -3.80242287891 -2.12123965709 -1.23395844147 -0.704017095099 -4.17651982760 -2.58064888644 -2.77513693672 -3.19959507210 -2.68501902296 -3.10363081310 -2.90917965678 -2.97997708707 -3.67530075060 -2.82114588450 -3.19559539933 -2.66874659514 -2.83077268986 -2.80565963390 -2.67326865179 -2.23180748345 -2.88612352965 -3.13425635736 -2.27597161571 -1.75509593572 -1.06429891911 -1.19902715218 -0.767109917593 -1.17939598821 -2.34846682900 -2.05227010452 -1.94707691099 -2.05764504855 -2.80441691258 -2.34300091366 -2.83640144390 -1.97054291693 -2.71331409798 -2.32088342687 -3.44402978537 -3.31529546229 -2.28952272327 -2.78653393688 -3.18753010659 -3.45931177811 -2.22589511187 -2.27551767464 -1.42721358738 -4.12331320612 -1.75049877241 -3.33785634954 -3.05549815159 -2.53781820053 -2.34481067907 -2.05915280014 -1.82710206235 -3.82863828864 -2.01397103697 -2.53524969385 -1.77594942164 -2.08032765657 -2.27330097514 -3.30666771238 -2.70999064367 -2.44304720955
# init_log_rec_devs:
 0.299330866275 1.58854205187 -0.728294561240 -0.329264536836 -0.243800650717 -0.219407718084 -0.154054719461 -0.213050722752
# log_rec_devs:
 -0.00366520135491 -0.336081292730 0.623640772393 0.0367546759516 0.226165867355 0.482815468236 0.495897073762 0.912553399553 0.813399948312 0.555907871197 1.25071735136 0.486123996253 0.743763081909 -0.0662068642544 -0.917355858394 0.0233286371106 -0.206933669441 -0.809222720861 -0.209772327758 0.761617204542 0.343744542769 0.413157299703 0.641324741163 1.09376386550 0.261871794932 -0.140263919510 0.371891916892 -0.691486597679 0.299061754692 -0.330547028468 -0.505717203474 -0.665692687126 0.0137826836679 0.825096865403 0.921649713006 0.0656502421080 1.48264014784 -0.166001540064 -0.0678423310141 -0.415627049536 0.506732858509 0.0724900510826 -0.243523832989 -0.995183294165 -0.434069283212 0.838679578872 0.144333769257 -0.371105907687 -0.193284882499 -0.212428286567 0.416400945981 0.845679075718 -0.104025349089 -0.00300527560873 -0.414126201362 -0.803336165179 -0.657503272824 0.0410833635059 -0.658690291122 0.331077029641 -0.525177343368 -0.378795055641 0.200993357982 -1.02862507754 0.0436303951564 -0.203356011412 -0.557062329592 0.293094087617 -0.272273121527 0.745054383891 -1.15712964543 0.245481258605 -1.28461822262 0.643956206762 -0.147555775073 0.178858596851 0.109445901880 0.0280559365644 0.281458833553 -0.487749156769 -0.353038772482 -0.292431640107 -0.334682975791 0.0995235140392 0.205108594078 -1.06271745844 -0.966776625582 0.0542323744502 -0.797003172984
# log_m_nodesV[1]:
 -0.144164201656 0.121559081650 -0.0934404660937 0.0132570262635 0.0689608043961 -0.0518824561498 0.111585751065 -0.00265649859375 -0.0481286207312 0.00859300397166 -0.0176467670125 -0.195583558193
