## simulation for Herring SOG ## written: Thu Jun 29 12:13:33 2017 
## ____Model Dimensions____ 
## first year of data 
1965 
## last year of data 
2016 
## age of youngest age class 
1 
## age of plus group 
35 
## number of gears (ngear) 
5 
## flags for fishery (1) or survey (0) in ngears 
0.417027 0.475627 0.099525 0.002995 0.004826 
## NEW: Catch type 
## 1 = biomass 
## 2 = catch in numbers 
## 3 = roe removed (expressed as tons of spawning biomass equivalents) 
1 1 1 1 1 
## ________________________ 
## ________________________ 
## natural mortality rate (m) 
0.08 
## growth parameters (linf,k,to) 
70 0.27 -1.311683 
## length-weight allometry (a,b) 
1.04e-05 3.07 
## maturity at age (am=log(3)/k) & gm=std for logistic 
5.002 12 
## init_vector mat(sage,nage)     input maturity vector (**not used) 
0.1565852 0.2204399 0.30104 0.3961349 0.4997896 0.6034624 0.6986057 0.7792707 0.8431924 0.8911877 0.9257856 0.95 0.9665989 0.9778159 0.9853232 0.9903151 0.9936202 0.9958021 0.9972399 0.9981861 0.9988084 0.9992173 0.999486 0.9996625 0.9997784 0.9998545 0.9999044 0.9999373 0.9999588 0.999973 0.9999822 0.9999883 0.9999923 0.999995 0.9999967 
## ________________________ 
## ________________________ 
## Time series data observed catch 
## Year P1 P2 P3 S1 S2 
1965 0.0004144729 0.192700117 0.3535055245 0 0
1966 0.0106923382 0.4995441632 0.4065560536 0 0
1967 0.0007208596 1.4418671907 0.2042993519 0 0
1968 0.0001321963 2.6823086251 0.2323886652 0 0
1969 0.0004598329 4.8834014452 0.1918925287 0 0
1970 0.0005539248 5.2837972096 0.2710856559 0 0
1971 0.0006020846 3.1734481258 0.3506221214 0 0
1972 0.001150425 4.6364853437 1.2696037094 0 0
1973 0.7458784496 3.0701174383 0.1704960655 0 0
1974 0.3273223321 4.036732379 0.4142845237 0 0
1975 0.4706448755 6.1179402989 0.8212061215 0 0
1976 0.3036923542 5.9199238815 0.855210317 0 0
1977 0.213812302 3.2240408331 1.3578057366 0 0
1978 0.6341447103 2.1595794222 1.0782391111 0 0
1979 1.4803701957 1.3887223701 1.5122058352 0 0
1980 3.2125208905 0.4476977716 0.6525571171 0 0
1981 3.2776582437 0.326489292 0.2287164399 0 0
1982 3.440217864 0.3438800089 0.246005176 0 0
1983 3.6143689844 0.4516656037 0.2744877182 0 0
1984 3.2789798814 0.36466625 0.1883139782 0 0
1985 3.503952971 0.4584259918 0.2334243803 0 0
1986 3.2800115463 0.6193879265 0.5524935549 0 0
1987 2.9568738588 1.2689519003 0.4074418274 0 0
1988 3.4916398629 1.2740299949 0.638025261 0 0
1989 3.7745825136 0.929005077 0.6239302061 0 0
1990 3.0747889282 1.3723154356 0.4614365723 0.0101 0
1991 3.4974653614 1.1794303072 0.4393081002 0.006 0
1992 3.7141552496 0.8487725404 0.4492988928 0.0095 0
1993 4.1470824577 0.4240991084 0.5435004568 0.0082 0
1994 4.0550004793 0.4677058754 0.4839680865 0.007 0
1995 3.2860279691 0.4743091025 0.4280670671 0.0048 0
1996 2.9877806802 0.2805296174 0.190996787 0.0049 0
1997 3.5575969873 0.4315069243 0.1566751654 0.0041 0
1998 3.7760983001 0.4439410534 0.3764965149 0.0056 0
1999 3.6835004862 0.6281364988 0.4041696058 0.0047 0
2000 2.7490705398 0.7526454778 0.3267736709 0.0073 0
2001 2.7475308287 0.5647579538 0.3002446536 0.0034 0
2002 2.1647018811 0.5645041275 0.2675452361 0.0162 0
2003 1.4205060418 0.640838114 0.2279046115 0.0199 0.0224
2004 2.1336423997 0.4676060978 0.3459931919 0.0162 0.0086
2005 3.2093638856 1.1478291146 0.2785318955 0.0136 0.0083
2006 2.7804090059 1.3075807032 0.4431286487 0.012 0.0107
2007 2.1431882172 0.9721627478 0.2893928618 0.0091 0.0105
2008 1.4884037143 1.2472259017 0.3532754347 0.0096 0.0124
2009 1.17532889 1.1082204721 0.2234443901 0.0064 0.012
2010 0.9763337735 1.0957588214 0.2088431277 0.0073 0.0114
2011 0.8043912966 1.0828103024 0.1758409326 0 0.0111
2012 0.8924846991 1.1509003273 0.1549204607 0 0.0113
2013 0.8425997251 0.8776862667 0.1843717836 0 0.0321
2014 0.5712084709 0.9853160893 0.1325782369 0 0.0229
2015 1.1131132998 1.3297104648 0.1331263293 0 0.0226
2016 0.7583064415 1.1248105079 0.1188747552 0 0.0226
## ________________________ 
## ________________________ 
## Relative Abundance index from fisheries independent survey (it) 
## nit 
3 
## nit_nobs 
31 20 14 
## 1 = survey is proportional to vulnerable numbers 
## 2 = survey is proportional to vulnerable biomass 
## 3 = survey is proportional to spawning biomass (e.g., herring spawn survey) 
3 3 3 
## iyr  it  gear  wt  survey_timing 
1979 17.661 1 1 0.5
1980 15.312 1 1 0.5
1981 15.056 1 1 0.5
1982 16.973 1 1 0.5
1983 16.819 1 1 0.5
1984 13.059 1 1 0.5
1985 17.687 1 1 0.5
1986 15.602 1 1 0.5
1987 16.16 1 1 0.5
1988 24.736 1 1 0.5
1989 25.695 1 1 0.5
1990 19.222 1 1 0.5
1991 24.6 1 1 0.5
1992 24.363 1 1 0.5
1993 20.38 1 1 0.5
1994 18.397 1 1 0.5
1995 15.02 1 1 0.5
1996 14.087 1 1 0.5
1997 12.956 1 1 0.5
1998 13.02 1 1 0.5
1999 13.426 1 1 0.5
2000 12.667 1 1 0.5
2001 10.082 1 1 0.5
2002 9.899 1 1 0.5
2003 19.222 1 1 0.5
2004 14.009 1 1 0.5
2005 11.615 1 1 0.5
2006 10.034 1 1 0.5
2007 9.705 1 1 0.5
2008 10.042 1 1 0.5
2009 10.09 1 1 0.5
1990 20.017 4 1 0.75
1991 19.594 4 1 0.75
1992 25.603 4 1 0.75
1993 37.02 4 1 0.75
1994 15.565 4 1 0.75
1995 13.882 4 1 0.75
1996 11.413 4 1 0.75
1997 7.879 4 1 0.75
1998 12.176 4 1 0.75
1999 7.768 4 1 0.75
2000 9.394 4 1 0.75
2001 3.141 4 1 0.75
2002 8.487 4 1 0.75
2003 29.228 4 1 0.75
2004 26.811 4 1 0.75
2005 19.799 4 1 0.75
2006 17.702 4 1 0.75
2007 10.27 4 1 0.75
2008 10.889 4 1 0.75
2009 7.229 4 1 0.75
2003 28.363 5 1 0.75
2004 24.941 5 1 0.75
2005 23.789 5 1 0.75
2006 28.889 5 1 0.75
2007 20.476 5 1 0.75
2008 26.243 5 1 0.75
2009 18.299 5 1 0.75
2010 21.402 5 1 0.75
2011 19.851 5 1 0.75
2012 15.21 5 1 0.75
2013 19.729 5 1 0.75
2014 13.443 5 1 0.75
2015 22.638 5 1 0.75
2016 18.9753 5 1 0.75
## ________________________ 
## ________________________ 
## Age composition data by year, gear (ages 2-15+) 
## na_gears 
3 
## na_nobs 
52 52 52 
##  a_sage 
1 1 1 
## a_page 
35 35 35 
#yr gear      V2   V3   V4   V5  V6  V7  V8 V9 V10  #Number aged
1965 1 0 0 0 0 0.0242 0.063 0.0306 0.0874 0.0429 0.054 0.0215 0.0123 0.0435 0.0728 0.0382 0.0269 0.0547 0.0108 0.0196 0.0282 0.0163 0.0178 0.0502 0.0057 0.0132 0.0232 0.0122 0.0105 0.0112 0.0298 0.0246 0.0176 0.0071 0.007 0.123
1966 1 0 0 0 0 0.0149 0.0259 0.0559 0.0387 0.0752 0.0522 0.0469 0.0298 0.0528 0.0281 0.0395 0.0156 0.0201 0.035 0.0182 0.027 0.0299 0.0242 0.0226 0.008 0.0219 0.0195 0.0073 0.0138 0.011 0.0049 0.0166 0.0193 0.009 0.0171 0.1993
1967 1 0 0 0 0 0.0173 0.0625 0.0391 0.0681 0.0531 0.0857 0.0283 0.0243 0.0407 0.0156 0.0479 0.0239 0.0234 0.0267 0.041 0.0344 0.0484 0.0107 0.0101 0.0123 0.0049 0.0034 0.0048 0.0078 0.0111 0.0129 0.0269 0.0128 0.0169 0.0131 0.1719
1968 1 0 0 0 0 0.0587 0.0164 0.0716 0.0385 0.0371 0.0387 0.0244 0.0579 0.0183 0.0497 0.032 0.0158 0.0178 0.0167 0.015 0.0249 0.0091 0.0063 0.006 0.0126 0.0194 0.0044 0.0067 0.021 0.0062 0.0098 0.0043 0.016 0.0053 0.003 0.3364
1969 1 0 0 0 0 0.0142 0.0736 0.0221 0.0399 0.0179 0.0283 0.0123 0.0099 0.0095 0.0527 0.0128 0.0084 0.0089 0.0379 0.0167 0.0194 0.0154 0.0042 0.0022 0.0116 0.0085 0.0069 0.0204 0.0015 0.0066 0.0142 0.0035 0.0174 0.0041 0.0086 0.4904
1970 1 0 0 0 0 0.0515 0.026 0.0445 0.0741 0.0393 0.055 0.03 0.0273 0.0818 0.0332 0.0409 0.0183 0.0136 0.0459 0.0371 0.0089 0.0321 0.0197 0.0087 0.0168 0.0122 0.0223 0.0363 0.0201 0.0105 0.0095 0.0074 0.009 0.0082 0.0075 0.1524
1971 1 0 0 0 0 0.0683 0.0429 0.0325 0.0474 0.0432 0.0344 0.0171 0.0601 0.0117 0.0309 0.0255 0.0282 0.0276 0.0128 0.0251 0.0123 0.0546 0.0125 0.0034 0.0084 0.0316 0.0112 0.0116 0.0082 0.0122 0.0099 0.0131 0.0192 0.0041 0.0192 0.2608
1972 1 0 0 0 0 0.028 0.0819 0.1044 0.0501 0.0399 0.0549 0.0552 0.0335 0.0133 0.0233 0.0379 0.0189 0.017 0.0185 0.0211 0.012 0.028 0.0145 0.0373 0.0215 0.0286 0.0146 0.0084 0.0175 0.0281 0.0046 0.0271 0.0108 0.0168 0.0061 0.126
1973 1 0 0 0 0 0.0359 0.0427 0.0525 0.1346 0.0892 0.0367 0.0191 0.0314 0.0438 0.0208 0.0277 0.0245 0.0173 0.0137 0.0361 0.0269 0.0221 0.0301 0.0253 0.0071 0.021 0.0185 0.012 0.0235 0.02 0.011 0.008 0.0116 0.0051 0.027 0.1048
1974 1 0 0 0 0 0.0255 0.0552 0.0554 0.1286 0.051 0.0546 0.0576 0.0291 0.0438 0.0178 0.0159 0.0818 0.0304 0.0327 0.02 0.0425 0.0131 0.0233 0.0102 0.0167 0.012 0.0069 0.0133 0.0424 0.0158 0.0062 0.0166 0.0065 0.0094 0.0092 0.0563
1975 1 0 0 0 0 0.048 0.0828 0.0337 0.0628 0.0191 0.1133 0.0381 0.0498 0.0288 0.015 0.0061 0.0148 0.0156 0.0123 0.0106 0.0089 0.0084 0.016 0.0069 0.0298 0.006 0.0126 0.018 0.0073 0.0115 0.007 0.0053 0.0088 0.0056 0.005 0.2921
1976 1 0 0 0 0 0.0779 0.0287 0.1109 0.0417 0.0531 0.0361 0.0216 0.0642 0.0211 0.0123 0.0709 0.0131 0.0069 0.0147 0.0361 0.0068 0.0119 0.0098 0.0089 0.0034 0.0089 0.0185 0.0263 0.0054 0.0092 0.0169 0.0046 0.0087 0.0055 0.0233 0.2225
1977 1 0 0 0 0 0.0204 0.0649 0.0278 0.098 0.1087 0.0636 0.0404 0.042 0.0246 0.0276 0.0369 0.026 0.0209 0.025 0.0232 0.0085 0.0155 0.0177 0.0207 0.0174 0.0196 0.0076 0.0035 0.009 0.015 0.0062 0.0045 0.0079 0.0068 0.0016 0.1886
1978 1 0 0 0 0 0.0121 0.0395 0.1088 0.0618 0.0768 0.0319 0.016 0.1652 0.0332 0.0289 0.028 0.0419 0.0406 0.0073 0.0107 0.0086 0.0064 0.0079 0.0178 0.0145 0.0207 0.0136 0.0104 0.0085 0.0075 0.0102 0.0068 0.006 0.0073 0.0046 0.1466
1979 1 0 0 0 0 0.0227 0.0224 0.0653 0.0316 0.0744 0.0101 0.0234 0.0807 0.0249 0.0291 0.0199 0.0248 0.0259 0.0088 0.0141 0.0094 0.0134 0.0151 0.0223 0.0097 0.0258 0.0131 0.0032 0.0074 0.0096 0.0029 0.0095 0.0066 0.0064 0.0124 0.355
1980 1 0 0 0 0 0.0082 0.0828 0.0277 0.0546 0.034 0.0705 0.0169 0.0233 0.0107 0.0434 0.0332 0.0052 0.0896 0.0204 0.0142 0.0013 0.0094 0.0078 0.0045 0.0181 0.004 0.0078 0.0113 0.0175 0.0053 0.0078 0.0106 0.0046 0.0084 0.0152 0.3316
1981 1 0 0 0 0 0.0808 0.0284 0.2099 0.0178 0.0188 0.0301 0.066 0.0265 0.0105 0.0332 0.0628 0.0672 0.0289 0.034 0.0231 0.0339 0.013 0.0144 0.0155 0.0041 0.0204 0.0055 0.0143 0.0055 0.0034 0.0077 0.0046 0.0071 0.0036 0.0113 0.0977
1982 1 0 0 0 0 0.031 0.0488 0.0629 0.0641 0.0297 0.0828 0.0924 0.0436 0.0493 0.0198 0.0226 0.0197 0.0126 0.0134 0.0325 0.0086 0.0278 0.0329 0.0231 0.0117 0.0469 0.0058 0.0071 0.0042 0.0158 0.0255 0.0087 0.0071 0.0117 0.0154 0.1225
1983 1 0 0 0 0 0.05 0.0128 0.0878 0.0373 0.1577 0.0096 0.051 0.0096 0.0392 0.0271 0.0177 0.0144 0.0151 0.0254 0.0167 0.0085 0.0409 0.0093 0.0045 0.0477 0.0082 0.0094 0.0122 0.0103 0.0074 0.0106 0.0051 0.0022 0.0029 0.0054 0.2439
1984 1 0 0 0 0 0.0219 0.1798 0.0211 0.0887 0.0169 0.0326 0.0125 0.0173 0.0382 0.0305 0.0338 0.0468 0.0077 0.0197 0.0268 0.013 0.0142 0.037 0.0165 0.0137 0.0106 0.0396 0.0248 0.0105 0.0125 0.0133 0.0045 0.0075 0.011 0.006 0.171
1985 1 0 0 0 0 0.015 0.049 0.1105 0.0323 0.0249 0.0125 0.032 0.0296 0.0265 0.0208 0.0279 0.061 0.0146 0.0219 0.0141 0.017 0.0045 0.0188 0.0124 0.0087 0.0068 0.0299 0.0181 0.0053 0.0087 0.0162 0.0089 0.0041 0.0069 0.0057 0.3351
1986 1 0 0 0 0 0.0399 0.0441 0.0425 0.123 0.0275 0.0196 0.0243 0.0523 0.0122 0.0274 0.0228 0.0323 0.0208 0.0303 0.0343 0.0196 0.02 0.0158 0.0269 0.0148 0.0161 0.012 0.005 0.0052 0.0172 0.0083 0.0132 0.0073 0.0159 0.0075 0.2417
1987 1 0 0 0 0 0.0441 0.1403 0.1061 0.029 0.0668 0.0424 0.0456 0.0168 0.0396 0.0248 0.0109 0.0151 0.0056 0.0175 0.0183 0.0076 0.0237 0.0064 0.0129 0.061 0.023 0.0078 0.0129 0.0041 0.0133 0.0203 0.0063 0.0236 0.0058 0.0144 0.1339
1988 1 0 0 0 0 0.0476 0.0457 0.0947 0.0475 0.0268 0.0356 0.048 0.1139 0.0124 0.025 0.0257 0.023 0.0382 0.033 0.0335 0.0174 0.0158 0.0094 0.0217 0.008 0.0298 0.0116 0.0252 0.0089 0.0425 0.0131 0.0126 0.0095 0.0044 0.0164 0.1032
1989 1 0 0 0 0 0.0036 0.1135 0.0413 0.0722 0.0108 0.0106 0.0968 0.0134 0.0173 0.0767 0.1053 0.0125 0.0145 0.0236 0.0236 0.0069 0.0082 0.009 0.0078 0.0051 0.0028 0.008 0.0065 0.0058 0.0032 0.0098 0.0092 0.0083 0.0098 0.0042 0.2597
1990 1 0 0 0 0 0.0519 0.0151 0.058 0.035 0.1234 0.0379 0.0098 0.064 0.0184 0.034 0.0123 0.0338 0.0052 0.013 0.0179 0.0202 0.0029 0.0093 0.0095 0.0173 0.003 0.0051 0.0118 0.0088 0.0043 0.0027 0.0028 0.0122 0.0061 0.0049 0.3493
1991 1 0 0 0 0 0.0523 0.058 0.0224 0.0293 0.0439 0.1069 0.0197 0.0341 0.0398 0.0111 0.0432 0.0394 0.0366 0.0134 0.0231 0.015 0.0198 0.0212 0.0256 0.0123 0.0096 0.0201 0.0102 0.0172 0.0097 0.013 0.0233 0.0119 0.0108 0.0102 0.197
1992 1 0 0 0 0 0.0597 0.0281 0.1022 0.0096 0.044 0.046 0.0427 0.033 0.007 0.114 0.0107 0.0352 0.0097 0.06 0.0192 0.0174 0.0317 0.0205 0.0156 0.0141 0.0046 0.0105 0.0057 0.005 0.009 0.0167 0.0119 0.0037 0.0061 0.0057 0.2009
1993 1 0 0 0 0 0.0051 0.0542 0.017 0.0432 0.0087 0.0484 0.0662 0.1839 0.0464 0.0315 0.0787 0.024 0.0474 0.0089 0.0132 0.0091 0.0235 0.0452 0.0099 0.0072 0.0362 0.0125 0.0072 0.0213 0.007 0.0077 0.0075 0.0119 0.0026 0.0058 0.1086
1994 1 0 0 0 0 0.0634 0.0091 0.0249 0.0915 0.0927 0.0216 0.031 0.0431 0.0667 0.0241 0.0166 0.1167 0.0237 0.0247 0.0144 0.0273 0.014 0.0264 0.0196 0.016 0.0133 0.0175 0.018 0.022 0.0081 0.0116 0.0113 0.018 0.006 0.0264 0.08
1995 1 0 0 0 0 0.059 0.0407 0.0158 0.1124 0.0399 0.0619 0.0191 0.0289 0.028 0.0576 0.0192 0.0148 0.0274 0.0252 0.0147 0.014 0.0201 0.0175 0.0159 0.0067 0.0117 0.0143 0.0155 0.0132 0.0211 0.0135 0.0038 0.011 0.009 0.0089 0.239
1996 1 0 0 0 0 0.0207 0.0867 0.0312 0.0045 0.0802 0.0372 0.05 0.0087 0.0112 0.0349 0.0247 0.0095 0.0197 0.0578 0.0076 0.0224 0.0135 0.0251 0.0058 0.0169 0.0055 0.0209 0.0148 0.0065 0.0549 0.0064 0.0093 0.0047 0.0116 0.0097 0.2874
1997 1 0 0 0 0 0.0082 0.0798 0.1026 0.0436 0.0167 0.0385 0.0581 0.0342 0.0084 0.041 0.0157 0.0444 0.0325 0.0197 0.0432 0.0137 0.0155 0.0141 0.0275 0.0088 0.0308 0.0296 0.0196 0.0085 0.019 0.012 0.016 0.0233 0.0145 0.0076 0.1528
1998 1 0 0 0 0 0.0101 0.0076 0.0173 0.1166 0.0234 0.0024 0.037 0.015 0.0166 0.0046 0.0385 0.0295 0.0509 0.0151 0.0053 0.0776 0.0151 0.0161 0.0094 0.0195 0.0066 0.0067 0.0137 0.0051 0.0041 0.0183 0.0045 0.0314 0.0088 0.0113 0.362
1999 1 0 0 0 0 0.0503 0.0112 0.0125 0.0299 0.2099 0.0241 0.0189 0.0686 0.0186 0.0195 0.0074 0.0222 0.0128 0.0228 0.0102 0.0092 0.0767 0.0343 0.0189 0.0034 0.0089 0.0044 0.0141 0.0239 0.0237 0.0178 0.017 0.0286 0.0079 0.0107 0.1615
2000 1 0 0 0 0 0.0202 0.0542 0.0187 0.0118 0.1798 0.0594 0.0061 0.0073 0.0841 0.0274 0.0405 0.0127 0.0334 0.0242 0.0232 0.0313 0.0115 0.0474 0.0214 0.0282 0.0168 0.0196 0.0116 0.0184 0.0188 0.0109 0.0132 0.0133 0.0156 0.0092 0.1098
2001 1 0 0 0 0 0.0334 0.0288 0.2054 0.018 0.0104 0.0243 0.0505 0.0157 0.0031 0.093 0.0139 0.0338 0.0135 0.0153 0.016 0.0495 0.0227 0.0092 0.0297 0.0093 0.0156 0.0066 0.0142 0.0035 0.0126 0.0053 0.016 0.0078 0.0045 0.0035 0.2149
2002 1 0 0 0 0 0.0054 0.0433 0.0595 0.1824 0.0188 0.0063 0.0293 0.0424 0.0538 0.0045 0.0143 0.0069 0.0696 0.0015 0.0514 0.0262 0.0537 0.0094 0.0118 0.0567 0.0133 0.0153 0.0087 0.0152 0.0041 0.0081 0.0087 0.0137 0.0044 0.0136 0.1478
2003 1 0 0 0 0 0.0118 0.016 0.1384 0.0487 0.1194 0.0209 0.0017 0.0337 0.015 0.0223 0.0046 0.0134 0.0084 0.0402 0.0042 0.0173 0.0113 0.027 0.0053 0.0059 0.0294 0.0111 0.0141 0.0141 0.0272 0.0041 0.0118 0.007 0.0078 0.0079 0.2999
2004 1 0 0 0 0 0.1462 0.0464 0.0243 0.0781 0.0228 0.0872 0.009 0.0048 0.026 0.0344 0.0162 0.0038 0.0781 0.0099 0.0486 0.0068 0.0438 0.0061 0.0241 0.0136 0.0223 0.0141 0.0167 0.042 0.009 0.0269 0.003 0.0117 0.0117 0.0067 0.1059
2005 1 0 0 0 0 0.0514 0.2598 0.0337 0.0156 0.1117 0.0155 0.0627 0.0131 0.0026 0.0325 0.012 0.0098 0.0065 0.0188 0.0139 0.0168 0.0056 0.0088 0.0151 0.0587 0.0097 0.0039 0.0159 0.0053 0.0074 0.0058 0.0157 0.009 0.0025 0.0064 0.1541
2006 1 0 0 0 0 0.0235 0.1069 0.2016 0.0289 0.019 0.0455 0.0165 0.0232 0.0098 0.003 0.016 0.02 0.02 0.0042 0.0317 0.0087 0.0415 0.0015 0.0348 0.0224 0.046 0.0202 0.0017 0.0454 0.0064 0.034 0.0098 0.0344 0.0093 0.0116 0.1024
2007 1 0 0 0 0 0.0067 0.0228 0.3389 0.2142 0.0544 0.0111 0.029 0.0034 0.0463 0.004 0.0021 0.0119 0.0093 0.0103 0.0018 0.0098 0.0066 0.011 0.0018 0.0184 0.0178 0.0363 0.0125 0.0052 0.0061 0.0028 0.0152 0.0031 0.0093 0.0052 0.0729
2008 1 0 0 0 0 0.0078 0.0092 0.0247 0.1026 0.3827 0.0215 0.0221 0.0425 0.0175 0.0225 0.0125 0.0068 0.0093 0.0177 0.0196 0.0015 0.007 0.009 0.0247 0.0037 0.0143 0.0074 0.0204 0.0107 0.0047 0.0408 0.006 0.0041 0.0031 0.0062 0.1175
2009 1 0 0 0 0 0.0137 0.0164 0.0279 0.0327 0.093 0.2899 0.0495 0.0169 0.0252 0.0202 0.0249 0.0094 9e-04 0.0084 0.0148 0.0037 0.0053 0.0167 0.0131 0.0119 0.0046 0.0149 0.0122 0.0175 0.0028 0.0091 0.0089 0.0042 0.008 0.0052 0.218
2010 1 0 0 0 0 0.008 0.0396 0.0167 0.0234 0.0188 0.2119 0.1417 0.039 0.0057 0.1177 0.0139 0.0211 0.0059 0.0015 0.0256 0.0589 0.0072 0.0012 0.0243 0.0178 0.0194 0.003 0.0063 0.0047 0.0199 0.0033 0.0097 0.0181 0.0029 0.009 0.1036
2011 1 0 0 0 0 0.0051 0.0227 0.0525 0.0298 0.0296 0.0216 0.1198 0.3907 0.0166 0.011 0.0222 0.0077 0.0243 0.0089 0.0044 0.0186 0.0325 0.009 0.0025 0.023 0.0067 0.0155 0.0063 0.0072 0.0086 0.0159 0.0128 0.0023 0.0096 0.005 0.0576
2012 1 0 0 0 0 0.1034 0.0325 0.0094 0.0786 0.0176 0.045 0.0142 0.0845 0.1521 0.0149 0.0091 0.049 0.0083 0.018 0.0029 6e-04 0.0106 0.0307 0.0065 0.0023 0.0112 0.0091 0.0233 0.0023 0.0047 0.0117 0.0417 0.0025 0.004 0.0318 0.1675
2013 1 0 0 0 0 0.1172 0.0293 0.0275 0.0133 0.0416 0.0233 0.0231 0.008 0.0775 0.1015 0.024 0.008 0.1109 0.0028 0.0292 0.0064 0.0024 0.0115 0.0464 0.0033 9e-04 0.0184 0.0073 0.0177 0.0038 0.0115 0.0097 0.0219 0.0033 0.0043 0.1944
2014 1 0 0 0 0 0.0462 0.169 0.0865 0.0126 0.0076 0.0323 0.0128 0.0047 0.0341 0.0991 0.1491 0.0125 0.0087 0.0641 0.0078 0.0126 0.0032 0.0017 0.0088 0.0098 0.0052 0.0026 0.0044 0.0133 0.0045 0.0017 0.0087 0.0083 0.0141 0.0018 0.1521
2015 1 0 0 0 0 0.0734 0.0647 0.2821 0.0853 0.0091 0.0079 0.013 0.0192 0.0019 0.0088 0.131 0.1218 0.0159 0.0085 0.0122 0.0165 0.0073 0.0037 0.0012 0.0081 0.006 0.0057 9e-04 0.0204 0.0018 0.0042 0.0032 0.0013 0.0052 0.0111 0.0484
2016 1 0 0 0 0 0.015 0.0649 0.0392 0.2147 0.1218 0.0194 0.0033 0.0211 0.0051 0.0078 0.0086 0.1203 0.0276 0.1308 0.002 0.0363 0.0079 0.0057 0.0026 4e-04 0.0042 0.0098 0.0086 0.0011 0.0064 0.0075 0.0119 6e-04 0.0146 0.0144 0.0663
1965 2 0 0 0 0 0.004 0.0172 0.0071 0.0091 0.0083 0.0259 0.0128 0.0183 0.0613 0.0263 0.0136 0.0955 0.0446 0.0142 0.0142 0.0195 0.0189 0.0173 0.0302 0.0128 0.0206 0.0208 0.0139 0.0165 0.0135 0.0071 0.011 0.0169 0.0092 0.0112 0.3883
1966 2 0 0 0 0 0.0026 0.0118 0.0299 0.0114 0.0158 0.0214 0.0151 0.0082 0.0088 0.1312 0.0468 0.0262 0.0211 0.0058 0.0492 0.0248 0.0167 0.0197 0.0235 0.0474 0.0222 0.0196 0.012 0.0067 0.0231 0.019 0.0064 0.0492 0.0181 0.0118 0.2746
1967 2 0 0 0 0 0.0025 0.003 0.0114 0.0319 0.0434 0.0268 0.0388 0.0173 0.0968 0.0236 0.0464 0.0449 0.0161 0.018 0.0447 0.0115 0.0292 0.0626 0.0105 0.0444 0.0162 0.0149 0.0123 0.0468 0.0159 0.0183 0.0163 0.0182 0.0154 0.0051 0.1967
1968 2 0 0 0 0 0.0015 0.0053 0.0121 0.0424 0.0173 0.0572 0.0433 0.0576 0.0293 0.0574 0.0217 0.0625 0.0113 0.0228 0.0389 0.0759 0.0353 0.0176 0.0204 0.0588 0.0229 0.0219 0.037 0.0059 0.0307 0.0184 0.011 0.0188 0.0138 0.0158 0.1155
1969 2 0 0 0 0 7e-04 0.0064 0.0097 0.0153 0.0197 0.037 0.0194 0.0505 0.045 0.017 0.0174 0.0235 0.0169 0.0416 0.0097 0.0184 0.016 0.0608 0.0443 0.013 0.0283 0.017 0.0047 0.0083 0.0273 0.0121 0.003 0.0046 0.0053 0.0085 0.3985
1970 2 0 0 0 0 0.0012 0.0039 0.027 0.0052 0.0353 0.0384 0.0215 0.0273 0.0708 0.0472 0.0314 0.0278 0.011 0.0481 0.0379 0.0123 0.0293 0.0532 0.0158 0.0191 0.0142 0.0234 0.0292 0.0061 0.0127 0.0107 0.0077 0.029 0.0127 0.0065 0.284
1971 2 0 0 0 0 6e-04 0.0051 0.0167 0.0481 0.0363 0.0463 0.0234 0.0401 0.0503 0.016 0.0072 0.0262 0.0881 0.0298 0.0336 0.0151 0.0034 0.02 0.0363 0.0267 0.0178 0.0266 0.0129 0.0057 0.0094 0.0113 0.0143 0.0123 0.0114 0.0063 0.3028
1972 2 0 0 0 0 0.0024 0.0569 0.0163 0.0218 0.0253 0.0249 0.0877 0.0174 0.0577 0.0336 0.0445 0.0714 0.0378 0.0185 0.0204 0.0143 0.0139 0.006 0.0099 0.0193 0.0104 0.0217 0.0228 0.0175 0.0099 0.033 0.0188 0.0088 0.0213 0.0179 0.218
1973 2 0 0 0 0 0.0022 0.0024 0.0129 0.0189 0.0093 0.0241 0.0209 0.0288 0.0564 0.0206 0.1233 0.0201 0.0192 0.011 0.0316 0.0093 0.0125 0.0094 0.022 0.0181 0.0188 0.0102 0.0161 0.0149 0.016 0.0066 0.0117 0.0085 0.0093 0.0072 0.4075
1974 2 0 0 0 0 0.0014 0.0089 0.0122 0.0284 0.0184 0.0127 0.0542 0.0077 0.0421 0.0238 0.0092 0.0141 0.0731 0.0389 0.0051 0.0432 0.072 0.0165 0.0578 0.025 0.0074 0.0297 0.0065 0.0048 0.0104 0.0209 0.0178 0.0184 0.0333 0.0147 0.2714
1975 2 0 0 0 0 0.001 0.0075 0.004 0.0216 0.0222 0.02 0.0214 0.0166 0.0531 0.0139 0.01 0.0633 0.0298 0.013 0.0139 0.0154 0.0274 0.0113 0.0045 0.0101 0.0036 0.0246 0.0145 0.0049 0.0139 0.018 0.0028 0.0131 0.0064 0.0075 0.5105
1976 2 0 0 0 0 0.0018 0.009 0.0134 0.029 0.0173 0.0299 0.029 0.04 0.0213 0.0471 0.0351 0.0305 0.0619 0.083 0.018 0.0174 0.0307 0.0367 0.0146 0.0075 0.0345 0.0632 0.0245 0.024 0.0221 0.0692 0.0154 0.0304 0.0175 0.0158 0.1103
1977 2 0 0 0 0 0.0011 0.0107 0.0069 0.0247 0.0305 0.0782 0.0812 0.0574 0.0056 0.0312 0.029 0.0683 0.0099 0.0223 0.0326 0.0096 0.0135 0.008 0.0198 0.0481 0.0073 0.0051 0.0135 0.0133 0.0225 0.0099 0.0138 0.0076 0.0049 0.0067 0.3066
1978 2 0 0 0 0 5e-04 0.0056 0.0114 0.0139 0.0343 0.0122 0.0859 0.0326 0.0138 0.0162 0.0483 0.0132 0.0343 0.0205 0.041 0.0435 0.0595 0.076 0.0218 0.011 0.0217 0.0264 0.0239 0.016 0.0065 0.0052 0.0084 0.0084 0.0159 0.0223 0.2497
1979 2 0 0 0 0 0.0031 0.0028 0.0235 0.0095 0.0072 0.0334 0.0768 0.0512 0.0268 0.0478 0.004 0.0778 0.0209 0.0383 0.0394 0.054 0.0124 0.0135 0.0175 0.0112 0.0258 0.0149 0.0114 0.0354 0.0264 0.0049 0.0074 0.011 0.017 0.0053 0.2696
1980 2 0 0 0 0 0.0033 0.014 0.0174 0.0542 0.0318 0.0486 0.0124 0.0361 0.0399 0.0348 0.0411 0.0181 0.1005 0.0241 0.0302 0.0907 0.0149 0.0191 0.0057 0.0075 0.0125 0.0413 0.0224 0.017 0.0176 0.0142 0.0083 0.0071 0.0081 0.0132 0.1941
1981 2 0 0 0 0 9e-04 0.0064 0.0132 0.0232 0.0224 0.0426 0.0558 0.0558 0.0131 0.2665 0.0278 0.0209 0.0675 0.0208 0.0054 0.0097 0.0137 0.0321 0.0177 0.0139 0.0186 0.0161 0.004 0.0104 0.0132 0.0071 0.0101 0.0193 0.0052 0.0031 0.1636
1982 2 0 0 0 0 0.0013 0.0091 0.0044 0.0813 0.0308 0.0188 0.0662 0.1241 0.0171 0.0227 0.0208 0.0258 0.0435 0.0268 0.027 0.006 0.0054 0.0145 0.0616 0.0088 0.0156 0.0243 0.0153 0.0043 0.0336 0.0162 0.0181 0.0049 0.0063 0.0196 0.2258
1983 2 0 0 0 0 0.0027 0.0064 0.0077 0.0085 0.0368 0.0093 0.035 0.0104 0.0285 0.0304 0.06 0.0244 0.02 0.0332 0.0179 0.0125 0.0185 0.0197 0.007 0.0052 0.0065 0.0046 0.0135 0.0046 0.0111 0.0031 0.0097 0.0069 0.0039 0.019 0.5229
1984 2 0 0 0 0 0.0016 0.0504 0.0126 0.0195 0.0164 0.0535 0.0109 0.055 0.0094 0.062 0.0542 0.0265 0.0837 0.0364 0.0323 0.0222 0.0279 0.0143 0.0181 0.0106 0.0381 0.0856 0.0185 0.0179 0.0141 0.0047 0.0166 0.0066 0.018 0.0115 0.1508
1985 2 0 0 0 0 6e-04 0.0021 0.0881 0.0169 0.0144 0.0292 0.0399 0.0133 0.0118 0.0188 0.0484 0.0227 0.031 0.0597 0.013 0.0272 0.0304 0.0986 0.0075 0.0077 0.0133 0.022 0.0072 0.0078 0.0374 0.0267 0.0085 0.0121 0.0085 0.0122 0.2631
1986 2 0 0 0 0 0.0048 0.002 0.0064 0.0458 0.0103 0.0236 0.0169 0.0685 0.0352 0.0256 0.0407 0.0354 0.0303 0.0151 0.0149 0.0191 0.0084 0.0254 0.067 0.0174 0.009 0.0175 0.0268 0.0255 0.0155 0.0085 0.0102 0.0175 0.0092 0.0059 0.3415
1987 2 0 0 0 0 0.0014 0.0215 0.0194 0.0251 0.0917 0.0425 0.0568 0.0344 0.0512 0.0266 0.0426 0.0118 0.064 0.029 0.0235 0.0179 0.0874 0.0148 0.0176 0.0335 0.0134 0.0539 0.0342 0.0134 0.0168 0.0057 0.0272 0.0062 0.0089 0.0294 0.0783
1988 2 0 0 0 0 0.0011 0.0042 0.0171 0.0199 0.0199 0.0997 0.0215 0.0202 0.0433 0.1499 0.0109 0.0355 0.0365 0.026 0.0567 0.0109 0.0321 0.0134 0.0174 0.0326 0.0223 0.0096 0.0148 0.0173 0.0235 0.0187 0.0188 0.0511 0.0199 0.0046 0.1306
1989 2 0 0 0 0 0.001 0.0018 0.0283 0.0516 0.0304 0.0092 0.1137 0.0735 0.1115 0.0428 0.0666 0.0103 0.0127 0.0364 0.0114 0.0566 0.0591 0.0109 0.0121 0.0136 0.0323 0.0071 0.0125 0.016 0.0276 0.0211 0.0156 0.0044 0.0101 0.0066 0.0933
1990 2 0 0 0 0 0.006 0.0038 0.0172 0.0356 0.0341 0.0239 0.0088 0.1588 0.012 0.0254 0.0287 0.0506 0.0317 0.0497 0.0258 0.0516 0.0226 0.076 0.029 0.0186 0.0163 0.0432 0.0289 0.0134 0.0207 0.0361 0.0261 0.0183 0.0106 0.011 0.0653
1991 2 0 0 0 0 0.0017 0.0173 0.0055 0.0873 0.0224 0.047 0.0217 0.0101 0.0748 0.0403 0.097 0.0323 0.0623 0.0052 0.0082 0.0065 0.0406 0.0178 0.0218 0.0052 0.0089 0.0262 0.0145 0.0173 0.0142 0.0106 0.0162 0.0276 0.009 0.0088 0.2218
1992 2 0 0 0 0 0.0027 0.0084 0.0617 0.003 0.0443 0.0234 0.067 0.0476 0.0148 0.05 0.0447 0.028 0.024 0.0192 0.0183 0.038 0.0227 0.0462 0.0295 0.006 0.0225 0.0239 0.026 0.0357 0.0326 0.0239 0.0056 0.018 0.0073 0.0135 0.1912
1993 2 0 0 0 0 7e-04 0.0068 0.0039 0.0083 0.0029 0.0766 0.0164 0.1637 0.0119 0.0252 0.0964 0.0184 0.0291 0.0341 0.0248 0.0054 0.0396 0.0222 0.0257 0.0635 0.0285 0.0483 0.0208 0.0232 0.0127 0.0107 0.0154 0.0399 0.0098 0.0133 0.1017
1994 2 0 0 0 0 0.0027 0.0015 0.0244 0.0063 0.0364 0.003 0.0498 0.0149 0.0918 0.0176 0.017 0.0449 0.0213 0.1717 0.0135 0.0259 0.0055 0.0298 0.0081 0.0124 0.0169 0.0062 0.0155 0.0137 0.0078 0.0223 0.0048 0.0063 0.0094 0.0088 0.2896
1995 2 0 0 0 0 0.0024 0.0012 0.0034 0.0169 0.0164 0.0569 0.0061 0.0116 0.0988 0.0592 0.0132 0.0234 0.0314 0.0134 0.0295 0.007 0.0205 0.0078 0.0296 0.0095 0.0169 0.0186 0.0108 0.0124 0.0189 0.0082 0.0034 0.0057 0.019 0.0045 0.4233
1996 2 0 0 0 0 0.001 0.0113 0.0098 0.0017 0.033 0.0223 0.0293 0.0056 0.0154 0.0186 0.0661 0.0243 0.0099 0.0544 0.0099 0.0303 0.0158 0.0498 0.0023 0.0045 0.012 0.0131 0.006 0.0144 0.0062 0.0064 0.0186 0.0144 0.0124 0.007 0.4745
1997 2 0 0 0 0 4e-04 0.0085 0.0058 0.0137 0.0022 0.0585 0.0213 0.0311 0.0077 0.0163 0.1237 0.0228 0.0136 0.0151 0.0958 0.0149 0.1095 0.0225 0.0152 0.0092 0.0185 0.0083 0.0149 0.0135 0.0198 0.0056 0.0201 0.0072 0.0262 0.0104 0.2477
1998 2 0 0 0 0 5e-04 3e-04 0.0073 0.0522 0.0233 0.0065 0.0741 0.0117 0.0466 0.0036 0.0441 0.0283 0.0482 0.0354 0.0115 0.0289 0.0194 0.0246 0.0048 0.0227 0.0054 0.0207 0.0377 0.0068 0.0236 0.0138 0.0077 0.0098 0.0118 0.0053 0.3636
1999 2 0 0 0 0 0.0044 0.0032 0.0033 0.0056 0.0263 0.0283 0.009 0.0538 0.0236 0.0266 0.0027 0.0069 0.0158 0.0831 0.0076 0.0064 0.2147 0.0204 0.0173 0.0119 0.0096 0.0104 0.012 0.009 0.0144 0.009 0.0135 0.0104 0.0082 0.0169 0.3158
2000 2 0 0 0 0 0.0033 0.0121 0.0076 0.0025 0.0179 0.2292 0.04 0.0042 0.0515 0.0466 0.0419 0.0058 0.0231 0.0268 0.0843 0.0094 0.0084 0.0399 0.0106 0.0197 0.0117 0.0273 0.0068 0.0252 0.046 0.0178 0.0294 0.0143 0.016 0.0119 0.1089
2001 2 0 0 0 0 0.0072 0.0097 0.0186 0.007 0.0119 0.0223 0.0575 0.0229 0.0059 0.0393 0.0238 0.112 0.0154 0.0784 0.0409 0.0615 0.0191 0.0164 0.0592 0.0201 0.015 0.0166 0.025 0.009 0.0354 0.0165 0.0247 0.0382 0.0405 0.0335 0.0965
2002 2 0 0 0 0 8e-04 0.0016 0.0127 0.0102 0.01 0.0077 0.0193 0.0271 0.0291 0.005 0.0313 0.0178 0.0648 0.0147 0.0119 0.0481 0.0651 0.0148 0.0096 0.0863 0.0169 0.0584 0.012 0.04 0.0216 0.0397 0.0314 0.0288 0.0246 0.0108 0.2279
2003 2 0 0 0 0 7e-04 0.0031 0.0276 0.0138 0.064 0.0079 0.0038 0.0226 0.0387 0.0094 0.0036 0.0324 0.014 0.0269 0.0075 0.071 0.0484 0.0983 0.0325 0.0118 0.0535 0.0098 0.0489 0.0165 0.0364 0.0094 0.0078 0.0126 0.01 0.0085 0.2488
2004 2 0 0 0 0 0.018 0.0167 0.0052 0.0448 0.0119 0.0272 0.0173 0.0015 0.0525 0.0637 0.0253 0.0093 0.049 0.0315 0.064 0.0164 0.1105 0.0213 0.1005 0.0649 0.0069 0.0284 0.0076 0.0238 0.016 0.0084 0.0058 0.0081 0.0242 0.0243 0.095
2005 2 0 0 0 0 0.0658 0.0726 0.0081 0.0027 0.0344 0.0142 0.0577 0.0166 0.0045 0.0743 0.0655 0.0369 0.0062 0.0475 0.0177 0.0458 0.003 0.0128 0.0269 0.0219 0.0193 0.0079 0.0186 0.008 0.0133 0.0074 0.0044 0.0057 0.0125 0.0278 0.2399
2006 2 0 0 0 0 7e-04 0.0333 0.0866 0.0613 0.0083 0.0127 0.0093 0.0262 0.0188 0.0049 0.0276 0.0283 0.0374 0.0034 0.0226 0.0059 0.0134 0.0179 0.0121 0.0322 0.0352 0.0175 0.0075 0.1177 0.0107 0.0049 0.0044 0.0136 0.0133 0.0125 0.3001
2007 2 0 0 0 0 6e-04 8e-04 0.0083 0.2072 0.0132 0.0018 0.0715 0.0058 0.0363 0.0092 0.0013 0.0072 0.0138 0.004 0.0021 0.0217 0.0077 0.0154 0.0025 0.0137 0.0125 0.0087 0.0067 0.0171 0.0127 0.0109 0.0098 0.0111 0.0129 0.0071 0.4465
2008 2 0 0 0 0 8e-04 0.006 0.0035 0.2164 0.0643 0.0611 0.0213 0.0426 0.0272 0.0544 0.0124 0.0038 0.0186 0.0243 0.0128 0.002 0.0176 0.0097 0.0489 0.0046 0.0103 0.0174 0.0475 0.0149 0.0153 0.0176 0.0127 0.0092 0.0074 0.0159 0.1798
2009 2 0 0 0 0 7e-04 0.0011 0.0101 0.0059 0.0696 0.4573 0.0091 0.0138 0.0688 0.0119 0.0367 0.0075 0.0035 0.0212 0.0251 0.0168 0.0031 0.0184 0.0111 0.0072 0.0051 0.0109 0.0135 0.0082 0.0025 0.0045 0.0148 0.0132 0.01 0.0072 0.1113
2010 2 0 0 0 0 6e-04 0.0019 0.0013 0.0161 0.0219 0.3538 0.0619 0.0364 0.0075 0.0556 0.0051 0.0158 0.0048 0.0022 0.021 0.0275 0.0033 0.0037 0.0125 0.0125 0.0302 0.0042 0.0081 0.0053 0.014 0.0154 0.0053 0.0534 0.023 0.0106 0.165
2011 2 0 0 0 0 7e-04 0.0024 0.004 0.0134 0.0071 0.0144 0.2475 0.0684 0.0074 0.0072 0.1235 0.0077 0.0361 0.0095 0.0049 0.0083 0.0227 0.0088 0.0023 0.0062 0.0042 0.03 0.002 0.0165 0.0423 0.0312 0.0231 0.0043 0.0219 0.0047 0.2174
2012 2 0 0 0 0 0.0018 6e-04 8e-04 0.0026 0.0023 0.0148 0.0079 0.1794 0.1526 0.0276 0.0086 0.0133 0.0155 0.0061 0.0065 0.0019 0.0204 0.0166 0.0193 0.0018 0.007 0.0055 0.0071 0.0034 0.0075 0.0062 0.0149 0.0035 0.0032 0.0069 0.4344
2013 2 0 0 0 0 0.0183 0.0106 0.019 0.0032 0.0178 0.0428 0.0287 0.018 0.1131 0.1688 0.035 0.0192 0.042 0.0153 0.0401 0.0074 0.0016 0.0239 0.0689 0.0653 0.005 0.0349 0.008 0.0198 0.0051 0.0128 0.0221 0.0688 0.0249 0.0116 0.0281
2014 2 0 0 0 0 0.0012 0.0182 0.0133 0.0108 0.0172 0.0245 0.0141 0.0045 0.0145 0.1738 0.1807 0.0652 0.005 0.0282 0.0106 0.0414 0.004 0.0016 0.0087 0.0337 0.0036 0.001 0.033 0.0101 0.0194 0.0029 0.0057 0.0033 0.0274 0.0059 0.2165
2015 2 0 0 0 0 0.0033 0.0142 0.0251 0.0289 0.0071 0.0077 0.0112 0.011 0.0231 0.0046 0.0271 0.2591 0.0304 0.0077 0.1176 0.0147 0.0271 0.0038 0.0023 0.0061 0.0347 0.0255 4e-04 0.0216 0.0037 0.0191 9e-04 0.0109 0.0076 0.0268 0.2167
2016 2 0 0 0 0 0.0014 0.0243 0.0104 0.1161 0.0475 0.0122 0.0096 0.0334 0.0129 0.0063 0.0106 0.1335 0.1377 0.0732 0.0034 0.0186 0.0075 0.0803 0.0064 0.0039 0.006 0.0258 0.0125 8e-04 0.0083 0.0023 0.0114 0.0024 0.0062 0.012 0.1631
1965 3 0 0 0 0 0.0638 0.1435 0.0361 0.0433 0.0465 0.0311 0.0281 0.0128 0.0398 0.0168 0.014 0.0146 0.0166 0.021 0.0172 0.0191 0.0173 0.0273 0.0227 0.0152 0.0097 0.0192 0.0049 0.0097 0.0129 0.0092 0.0108 0.017 0.0058 0.0073 0.2467
1966 3 0 0 0 0 0.078 0.0655 0.0504 0.0403 0.0314 0.0447 0.0514 0.0226 0.0339 0.0285 0.0122 0.0187 0.033 0.0345 0.0262 0.0184 0.0105 0.0299 0.0165 0.0199 0.0118 0.0223 0.0116 0.0089 0.0197 0.0065 0.0093 0.0139 0.0109 0.0041 0.2144
1967 3 0 0 0 0 0.048 0.0644 0.0407 0.0357 0.0427 0.0636 0.0454 0.0341 0.0344 0.0864 0.0144 0.0264 0.0363 0.0269 0.021 0.007 0.0136 0.0173 0.01 0.0232 0.0152 0.0129 0.012 0.0103 0.0093 0.0058 0.0205 0.009 0.0046 0.0085 0.2003
1968 3 0 0 0 0 0.0136 0.0327 0.099 0.0368 0.0277 0.0165 0.029 0.0179 0.0178 0.0318 0.0125 0.0292 0.0073 0.0182 0.0153 0.0129 0.0169 0.0312 0.0103 0.0085 0.0061 0.0085 0.0127 0.0039 0.0083 0.0043 0.0076 0.0065 0.0129 0.0048 0.4392
1969 3 0 0 0 0 0.0831 0.0419 0.0578 0.028 0.0916 0.0653 0.0217 0.0383 0.0452 0.0155 0.0227 0.017 0.0216 0.016 0.0146 0.0171 0.0163 0.012 0.0133 0.0181 0.008 0.012 0.0168 0.0062 0.0075 0.0161 0.0148 0.0058 0.0075 0.0077 0.2406
1970 3 0 0 0 0 0.1379 0.0827 0.0492 0.0174 0.0399 0.0203 0.0284 0.0622 0.0172 0.0221 0.0276 0.028 0.0384 0.0382 0.0124 0.0148 0.0222 0.0161 0.0223 0.0269 0.0279 0.0092 0.0072 0.0083 0.015 0.015 0.0267 0.0077 0.0092 0.0026 0.147
1971 3 0 0 0 0 0.1218 0.0618 0.042 0.049 0.0131 0.0533 0.0665 0.0243 0.0123 0.0501 0.0202 0.0376 0.0081 0.0113 0.01 0.0145 0.0148 0.0117 0.0116 0.0093 0.0169 0.0052 0.006 0.0094 0.022 0.0109 0.007 0.0069 0.0053 0.0042 0.2629
1972 3 0 0 0 0 0.0642 0.1332 0.0919 0.0709 0.0617 0.0342 0.0352 0.0221 0.0412 0.0204 0.0172 0.0094 0.0149 0.0147 0.0365 0.0176 0.0065 0.0142 0.025 0.0117 0.0152 0.0157 0.0053 0.007 0.0056 0.0146 0.0079 0.0106 0.0132 0.0094 0.1528
1973 3 0 0 0 0 0.0963 0.1018 0.0601 0.0738 0.0299 0.0292 0.0257 0.0393 0.0959 0.0243 0.0335 0.0261 0.0166 0.0223 0.0165 0.0104 0.0367 0.0296 0.0078 0.0082 0.0146 0.0067 0.0095 0.0073 0.0131 0.0169 0.0026 0.003 0.013 0.0052 0.1241
1974 3 0 0 0 0 0.0635 0.0751 0.0492 0.0674 0.038 0.0489 0.032 0.0257 0.0196 0.0189 0.009 0.028 0.0168 0.0073 0.0277 0.0366 0.0164 0.009 0.014 0.009 0.01 0.0103 0.0115 0.0062 0.003 0.0159 0.0055 0.019 0.0074 0.0097 0.2897
1975 3 0 0 0 0 0.027 0.0858 0.0911 0.0615 0.0587 0.0235 0.0323 0.0319 0.0268 0.0618 0.0292 0.0067 0.0147 0.0231 0.0141 0.0203 0.0277 0.0134 0.0136 0.0122 0.007 0.0059 0.0062 0.0131 0.0077 0.0091 0.007 0.0083 0.0039 0.0053 0.2509
1976 3 0 0 0 0 0.0406 0.0915 0.0973 0.0364 0.0356 0.047 0.0349 0.0489 0.0214 0.0245 0.0398 0.0101 0.0236 0.0164 0.0287 0.0171 0.0147 0.0177 0.0122 0.0138 0.0082 0.0133 0.0149 0.023 0.0128 0.0058 0.0192 0.005 0.0121 0.0086 0.2049
1977 3 0 0 0 0 0.0582 0.0596 0.061 0.0428 0.034 0.0418 0.0496 0.0357 0.0368 0.0537 0.0447 0.0174 0.0238 0.0204 0.0285 0.0191 0.0145 0.015 0.0057 0.0228 0.0156 0.0193 0.0233 0.0109 0.0144 0.0093 0.0057 0.0069 0.0047 0.0118 0.1931
1978 3 0 0 0 0 0.0257 0.0561 0.0418 0.0678 0.0396 0.0258 0.0382 0.0367 0.02 0.0133 0.0133 0.0212 0.0141 0.0275 0.0086 0.0129 0.0191 0.0083 0.0073 0.0097 0.0131 0.0154 0.0231 0.0208 0.0202 0.0114 0.0197 0.021 0.0154 0.0158 0.3171
1979 3 0 0 0 0 0.0897 0.0293 0.104 0.0434 0.0289 0.028 0.0535 0.0404 0.0343 0.0591 0.0334 0.0266 0.0106 0.0145 0.0219 0.0213 0.0148 0.013 0.0149 0.0197 0.011 0.0182 0.0064 0.0063 0.0106 0.0196 0.0076 0.009 0.008 0.0113 0.1911
1980 3 0 0 0 0 0.0247 0.2822 0.031 0.0756 0.0332 0.0482 0.0499 0.0404 0.0178 0.0286 0.0178 0.013 0.0171 0.0138 0.0092 0.0103 0.0199 0.0145 0.0063 0.0082 0.0148 0.0105 0.0246 0.0125 0.0076 0.0113 0.0064 0.0089 0.0064 0.0052 0.1303
1981 3 0 0 0 0 0.089 0.0651 0.2255 0.0397 0.0504 0.0701 0.0299 0.0329 0.0178 0.0284 0.0196 0.0103 0.0387 0.0237 0.0122 0.0113 0.017 0.0221 0.0043 0.0145 0.0114 0.0157 0.0152 0.0153 0.0049 0.0084 0.0049 0.0099 0.0174 0.0118 0.0626
1982 3 0 0 0 0 0.0241 0.2288 0.0501 0.1692 0.0222 0.0513 0.0241 0.0133 0.0313 0.0185 0.0363 0.0372 0.0139 0.0157 0.0166 0.0142 0.0112 0.0172 0.0071 0.0102 0.0052 0.0097 0.0116 0.0089 0.0143 0.0118 0.0093 0.0042 0.0073 0.0107 0.0943
1983 3 0 0 0 0 0.2841 0.0621 0.0467 0.0323 0.038 0.0165 0.0221 0.029 0.0313 0.013 0.0322 0.0138 0.0237 0.013 0.013 0.0147 0.0116 0.014 0.007 0.0091 0.0048 0.0088 0.0065 0.005 0.0089 0.0094 0.0079 0.009 0.0099 0.0028 0.1997
1984 3 0 0 0 0 0.1211 0.1132 0.0615 0.0696 0.0226 0.0366 0.0161 0.0339 0.0295 0.0157 0.0138 0.0228 0.0128 0.0172 0.0244 0.0166 0.0136 0.0056 0.003 0.0147 0.0147 0.0272 0.0025 0.022 0.0031 0.0226 0.0042 0.0047 0.0069 0.0134 0.2145
1985 3 0 0 0 0 0.0737 0.0959 0.1284 0.0476 0.0477 0.0169 0.043 0.011 0.0253 0.0389 0.0285 0.0187 0.0255 0.014 0.0202 0.019 0.0141 0.01 0.0168 0.0081 0.0195 0.0102 0.0057 0.0195 0.011 0.0069 0.0048 0.0051 0.0052 0.0118 0.1972
1986 3 0 0 0 0 0.1101 0.103 0.0305 0.2236 0.037 0.0431 0.0213 0.0372 0.0083 0.0263 0.0232 0.0197 0.0222 0.0265 0.0169 0.0149 0.0171 0.0141 0.0163 0.008 0.0274 0.0154 0.0122 0.0256 0.0167 0.0036 0.0051 0.0094 0.0085 0.0076 0.0489
1987 3 0 0 0 0 0.0792 0.2457 0.0485 0.0169 0.1138 0.0202 0.0314 0.0156 0.0198 0.0095 0.0281 0.0102 0.014 0.0253 0.0242 0.0203 0.0343 0.0228 0.0119 0.0135 0.0115 0.0082 0.0147 0.0296 0.0086 0.0048 0.0103 0.0045 0.0064 0.0111 0.0848
1988 3 0 0 0 0 0.0462 0.1258 0.2181 0.0641 0.0213 0.0732 0.0086 0.0372 0.0108 0.0376 0.0154 0.0213 0.0154 0.0419 0.0266 0.0081 0.0142 0.0056 0.006 0.0072 0.0046 0.0046 0.007 0.0139 0.0056 0.0068 0.005 0.005 0.0121 0.0057 0.1252
1989 3 0 0 0 0 0.0187 0.0835 0.0911 0.2458 0.0242 0.0135 0.0598 0.0344 0.0182 0.0106 0.0187 0.0043 0.0142 0.0185 0.0131 0.0089 0.0255 0.015 0.0069 0.0085 0.0066 0.006 0.0105 0.006 0.005 0.0087 0.0068 0.0054 0.0084 0.0025 0.2006
1990 3 0 0 0 0 0.2185 0.0347 0.072 0.0432 0.0838 0.0175 0.0183 0.0382 0.0159 0.0228 0.0118 0.0306 0.0119 0.0157 0.0415 0.0146 0.0065 0.0187 0.0134 0.018 0.0085 0.0093 0.011 0.004 0.0079 0.011 0.0096 0.0101 0.0078 0.0067 0.1665
1991 3 0 0 0 0 0.0558 0.2265 0.0202 0.0271 0.0683 0.0767 0.0319 0.0131 0.0641 0.0101 0.0528 0.0063 0.0204 0.0104 0.0247 0.008 0.007 0.0129 0.0134 0.0052 0.0061 0.0068 0.0113 0.0065 0.007 0.0129 0.0038 0.0092 0.004 0.0062 0.1715
1992 3 0 0 0 0 0.0654 0.0233 0.2031 0.0146 0.0324 0.0948 0.091 0.0331 0.0131 0.035 0.0171 0.0136 0.0142 0.0312 0.0126 0.0059 0.0059 0.0097 0.0106 0.024 0.007 0.0124 0.0114 0.0115 0.0062 0.0058 0.0061 0.007 0.0147 0.0062 0.1609
1993 3 0 0 0 0 0.0139 0.0975 0.0668 0.0683 0.0239 0.0467 0.0765 0.0524 0.0154 0.0099 0.028 0.0239 0.0263 0.0194 0.0501 0.0101 0.0132 0.0214 0.0244 0.0246 0.008 0.0118 0.0163 0.0085 0.0145 0.0124 0.0095 0.0115 0.0097 0.0127 0.1728
1994 3 0 0 0 0 0.0886 0.0135 0.0711 0.0443 0.0723 0.0086 0.0447 0.0285 0.0241 0.0155 0.0112 0.0799 0.0089 0.0228 0.0255 0.0242 0.0036 0.0076 0.0076 0.0233 0.0072 0.0277 0.005 0.0064 0.0049 0.0074 0.0079 0.0028 0.009 0.0072 0.289
1995 3 0 0 0 0 0.1274 0.0588 0.0207 0.0651 0.06 0.0672 0.0055 0.0105 0.0803 0.0741 0.0177 0.0088 0.03 0.0091 0.0117 0.0068 0.0136 0.0101 0.0067 0.0335 0.0062 0.0281 0.0321 0.0211 0.0153 0.0109 0.0048 0.0103 0.0069 0.0193 0.1276
1996 3 0 0 0 0 0.0333 0.1371 0.0354 0.01 0.1099 0.0327 0.0267 0.0207 0.0395 0.0275 0.0347 0.0186 0.0033 0.0228 0.0135 0.0094 0.0124 0.018 0.0096 0.0159 0.02 0.0192 0.0186 0.0095 0.0126 0.0127 0.0058 0.014 0.0345 0.0117 0.2102
1997 3 0 0 0 0 0.0151 0.0488 0.1687 0.0583 0.0087 0.0463 0.0247 0.0217 0.0044 0.0358 0.0358 0.0317 0.035 0.0257 0.0848 0.0163 0.0193 0.0116 0.0199 0.0059 0.0124 0.0129 0.0281 0.0093 0.0154 0.0109 0.0203 0.0083 0.0151 0.0078 0.141
1998 3 0 0 0 0 0.0263 0.0064 0.1374 0.0755 0.052 0.0049 0.0719 0.032 0.0529 0.0089 0.0266 0.0286 0.0646 0.0124 0.0075 0.0387 0.0185 0.0351 0.0124 0.026 0.0034 0.0049 0.017 0.0124 0.0096 0.0087 0.0093 0.0179 0.0111 0.0155 0.1513
1999 3 0 0 0 0 0.0939 0.0381 0.0083 0.032 0.1249 0.0484 0.0058 0.0435 0.0134 0.0351 0.0039 0.0245 0.0563 0.038 0.0169 0.0083 0.0387 0.0089 0.0221 0.0088 0.0193 0.0041 0.0112 0.0162 0.0064 0.0104 0.0036 0.0169 0.0067 0.0101 0.2253
2000 3 0 0 0 0 0.0541 0.1234 0.026 0.0073 0.018 0.0764 0.0284 0.0051 0.0397 0.0155 0.0381 0.0044 0.081 0.024 0.0487 0.0072 0.0111 0.0297 0.0141 0.0311 0.0064 0.0314 0.0061 0.0235 0.0102 0.016 0.0032 0.0107 0.012 0.0077 0.1895
2001 3 0 0 0 0 0.1066 0.0667 0.1403 0.0257 0.0069 0.0289 0.0252 0.0137 0.0053 0.014 0.0118 0.0443 0.0015 0.0111 0.0171 0.0231 0.0061 0.0096 0.0224 0.0053 0.0147 0.0109 0.0127 0.0035 0.0142 0.0122 0.006 0.0075 0.0044 0.0043 0.324
2002 3 0 0 0 0 0.0144 0.1918 0.0273 0.0483 0.0315 0.004 0.0243 0.024 0.0075 0.0123 0.0302 0.0138 0.026 0.0069 0.039 0.0222 0.0304 0.0094 0.0227 0.0576 0.0044 0.0078 0.0054 0.0176 0.0034 0.0069 0.0089 0.0068 0.0073 0.0054 0.2823
2003 3 0 0 0 0 0.0836 0.0624 0.0922 0.0725 0.069 0.0289 0.0047 0.0597 0.0207 0.0207 0.0038 0.0151 0.0411 0.0319 0.0098 0.0309 0.0209 0.0358 0.0207 0.012 0.0153 0.0159 0.027 0.0294 0.0131 0.0036 0.0115 0.0066 0.0053 0.0158 0.1199
2004 3 0 0 0 0 0.2845 0.0371 0.024 0.0588 0.0324 0.0351 0.0543 0.0044 0.0114 0.0169 0.0213 0.0017 0.0102 0.0225 0.0417 0.0042 0.0205 0.0127 0.0643 0.0278 0.0048 0.0251 0.0059 0.0092 0.0075 0.0196 0.0057 0.0065 0.0238 0.0079 0.0978
2005 3 0 0 0 0 0.2346 0.306 0.0641 0.0336 0.0513 0.0116 0.0218 0.0128 0.0034 0.008 0.0216 0.009 0.0023 0.0238 0.0094 0.0276 0.0011 0.0073 0.0048 0.0178 0.0069 0.0029 0.0124 0.0035 0.0086 0.0046 0.0108 0.004 0.0057 0.0057 0.0629
2006 3 0 0 0 0 0.0128 0.189 0.4991 0.0319 0.0105 0.0197 0.004 0.0147 0.0026 0.001 0.0076 0.019 0.0096 7e-04 0.0089 0.0076 0.0152 0.0031 0.0032 0.0122 0.0095 0.0067 0.0024 0.0115 0.0078 0.0053 0.0042 0.0029 0.0021 0.0046 0.0705
2007 3 0 0 0 0 0.0187 0.0118 0.2575 0.3869 0.0272 0.0172 0.0365 0.0128 0.0337 0.002 0.0028 0.0079 0.0161 0.0126 0.0023 0.0114 0.0071 0.0092 0.0047 0.0058 0.0089 0.0159 0.0047 0.0055 0.0217 0.003 0.0086 0.0071 0.0073 0.0013 0.0319
2008 3 0 0 0 0 0.0205 0.0371 0.0354 0.3365 0.2029 0.0346 0.0116 0.0369 0.0051 0.0495 0.0047 0.001 0.0123 0.0204 0.0078 0.003 0.0071 0.0072 0.0146 0.0032 0.006 0.0067 0.0194 0.0059 0.0023 0.0176 0.0026 0.0121 0.0035 0.0039 0.0685
2009 3 0 0 0 0 0.0252 0.0164 0.0621 0.0215 0.191 0.2372 0.0349 0.007 0.0484 0.0088 0.0264 0.014 0.0021 0.0057 0.0407 0.0089 0.0046 0.026 0.0066 0.0124 0.0057 0.0144 0.0202 0.0161 0.0136 0.0044 0.0226 0.0046 0.0077 0.0046 0.0864
2010 3 0 0 0 0 0.0161 0.0469 0.0239 0.0445 0.0109 0.1448 0.3609 0.0141 0.0051 0.0149 0.0221 0.0174 0.0068 0.0013 0.0046 0.014 0.0065 0.0015 0.0282 0.0081 0.0412 0.0047 0.0067 0.0087 0.0145 0.0061 0.0055 0.0181 0.0057 0.0062 0.09
2011 3 0 0 0 0 0.0128 0.0123 0.0284 0.0262 0.0182 0.0062 0.1467 0.3583 0.0417 0.0072 0.0295 0.0077 0.0306 0.0035 5e-04 0.0045 0.0459 0.0056 0.0023 0.0145 0.0088 0.009 0.0024 0.0061 0.0164 0.0096 0.0025 0.0052 0.0151 0.0044 0.1177
2012 3 0 0 0 0 0.2053 0.0487 0.0104 0.0175 0.0153 0.0074 0.0071 0.1042 0.0791 0.0099 0.0073 0.0162 0.0056 0.0261 0.0026 0.003 0.0065 0.0226 0.0054 0.0036 0.0152 0.0053 0.0067 0.0027 0.0089 0.0063 0.0255 0.0029 0.0057 0.0154 0.3019
2013 3 0 0 0 0 0.2518 0.088 0.0444 0.0092 0.0341 0.0206 0.0122 0.0099 0.0544 0.1506 0.0414 0.0053 0.0192 0.0075 0.027 0.0036 0.0011 0.0051 0.0221 0.0057 7e-04 0.0104 0.0069 0.0134 0.0025 0.0053 0.009 0.0105 0.0071 0.0022 0.1188
2014 3 0 0 0 0 0.0483 0.2708 0.1645 0.0232 0.0025 0.023 0.004 0.0044 0.004 0.1433 0.0924 0.0222 0.0033 0.0115 0.0038 0.0103 0.0012 6e-04 0.003 0.0144 0.0047 0.0012 0.0055 0.0048 0.009 9e-04 0.0057 0.0043 0.0033 0.0036 0.1062
2015 3 0 0 0 0 0.0853 0.0774 0.1712 0.09 0.0105 0.0099 0.0295 0.0113 0.0063 0.0056 0.0637 0.1507 0.0174 0.0035 0.0261 0.0093 0.0305 0.0024 0.0017 0.0068 0.0113 0.0056 0.0021 0.0091 0.0041 0.0155 0.0024 0.0038 0.0064 0.0229 0.1077
2016 3 0 0 0 0 0.0416 0.0588 0.0936 0.2576 0.0827 0.0146 0.0044 0.0232 0.0085 0.0086 0.0071 0.1194 0.0433 0.0152 0.0043 0.0212 0.0042 0.0235 0.0062 0.001 0.0052 0.0108 0.01 0.0012 0.0085 0.0048 0.0099 0.0019 0.0045 0.0037 0.1004
## ________________________ 
## n_wt_obs 
1 
## Mean weight-at-age in kilograms  
2016 0.455804 0.954186 1.517455 2.07337 2.58005 3.01906 3.386755 3.68755 3.92956 4.121945 4.27355 4.39225 4.484755 4.556585 4.612235 4.655255 4.688475 4.7141 4.733855 4.749075 4.760805 4.76984 4.7768 4.78216 4.78629 4.789475 4.79193 4.79382 4.795275 4.7964 4.79727 4.79794 4.798455 4.798855 4.79916 
## ________________________ 
## n_m_class
1 
## fix_m_devs
0 0 0 0 0 0 0 0 0 0 0 0 0 0 0 0 0 0 0 0 0 0 0 0 0 0 0 0 0 0 0 0 0 0 0 0 0 0 0 0 0 0 0 0 0 0 0 0 0 0 0
## eof 
999 
