B0 MSY Fmsy Bmsy BT projSpawnBio projExpBio depB0 depBmsy
86.6297 3.05443 0.070517 43.3149 29.7903 30.9139 30.9139 0.355927 0.711853
86.6297 3.05443 0.070517 43.3149 29.7903 30.9139 30.9139 0.363147 0.726293
86.6297 3.05443 0.070517 43.3149 29.7903 30.9139 30.9139 0.355684 0.711368
86.6297 3.05443 0.070517 43.3149 29.7903 30.9139 30.9139 0.358691 0.717383
86.6297 3.05443 0.070517 43.3149 29.7903 30.9139 30.9139 0.346655 0.693311
86.6297 3.05443 0.070517 43.3149 29.7903 30.9139 30.9139 0.347182 0.694365
86.6297 3.05443 0.070517 43.3149 29.7903 30.9139 30.9139 0.367819 0.735637
86.6297 3.05443 0.070517 43.3149 29.7903 30.9139 30.9139 0.375877 0.751753
86.6297 3.05443 0.070517 43.3149 29.7903 30.9139 30.9139 0.368129 0.736258
86.6297 3.05443 0.070517 43.3149 29.7903 30.9139 30.9139 0.333009 0.666018
86.6297 3.05443 0.070517 43.3149 29.7903 30.9139 30.9139 0.342644 0.685288
86.6297 3.05443 0.070517 43.3149 29.7903 30.9139 30.9139 0.354007 0.708014
86.6297 3.05443 0.070517 43.3149 29.7903 30.9139 30.9139 0.339547 0.679094
86.6297 3.05443 0.070517 43.3149 29.7903 30.9139 30.9139 0.346034 0.692069
86.6297 3.05443 0.070517 43.3149 29.7903 30.9139 30.9139 0.370698 0.741396
86.6297 3.05443 0.070517 43.3149 29.7903 30.9139 30.9139 0.361892 0.723784
86.6297 3.05443 0.070517 43.3149 29.7903 30.9139 30.9139 0.343619 0.687239
86.6297 3.05443 0.070517 43.3149 29.7903 30.9139 30.9139 0.371927 0.743854
86.6297 3.05443 0.070517 43.3149 29.7903 30.9139 30.9139 0.356924 0.713847
86.6297 3.05443 0.070517 43.3149 29.7903 30.9139 30.9139 0.364709 0.729419
86.6297 3.05443 0.070517 43.3149 29.7903 30.9139 30.9139 0.340107 0.680214
87.3263 3.04202 0.0696703 43.6631 27.5616 28.557 28.557 0.321203 0.642406
87.3014 3.08964 0.070781 43.6507 17.4201 17.7611 17.7611 0.214547 0.429093
87.4779 3.08287 0.0704833 43.7389 17.6079 17.9574 17.9574 0.199583 0.399166
87.4779 3.08287 0.0704833 43.7389 17.6079 17.9574 17.9574 0.226267 0.452533
86.8212 3.0905 0.0711922 43.4106 17.1858 17.5154 17.5154 0.21718 0.434359
87.9381 3.10809 0.0706882 43.969 0.324263 0.306458 0.306458 0.00356595 0.00713191
86.9656 3.12194 0.0717971 43.4828 0.32052 0.306124 0.306124 0.00364068 0.00728135
86.5012 3.08884 0.0714173 43.2506 7.1723 6.47878 6.47878 0.0738938 0.147788
85.3937 3.08278 0.0722016 42.6968 8.17577 7.61032 7.61032 0.0794876 0.158975
85.6672 3.07262 0.0717338 42.8336 0.325057 0.306607 0.306607 0.00392176 0.00784351
84.1272 3.07132 0.0730161 42.0636 0.32465 0.306641 0.306641 0.00392475 0.00784951
84.0597 3.06732 0.0729794 42.0299 10.4927 10.2 10.2 0.122577 0.245154
83.7183 3.06265 0.0731656 41.8592 20.9666 21.6333 21.6333 0.255572 0.511144
83.7183 3.06265 0.0731656 41.8592 20.9666 21.6333 21.6333 0.255775 0.511551
81.7993 3.07637 0.0752176 40.8996 10.6677 10.4302 10.4302 0.127321 0.254642
81.518 3.07315 0.0753979 40.759 14.2637 14.4053 14.4053 0.178548 0.357096
83.0496 3.07032 0.0739395 41.5248 17.0734 17.4462 17.4462 0.212314 0.424627
83.0709 3.0713 0.0739441 41.5354 19.7541 20.3477 20.3477 0.279223 0.558445
84.1365 3.09817 0.0736463 42.0682 18.0912 18.5499 18.5499 0.219981 0.439962
85.0851 3.12535 0.0734641 42.5425 0.323317 0.306524 0.306524 0.00363659 0.00727319
85.588 3.15695 0.0737708 42.794 0.323479 0.306561 0.306561 0.00362557 0.00725114
85.588 3.15695 0.0737708 42.794 0.323479 0.306561 0.306561 0.00337082 0.00674165
85.588 3.15695 0.0737708 42.794 0.323479 0.306561 0.306561 0.00406357 0.00812715
84.4408 3.14977 0.0746029 42.2204 0.322613 0.306517 0.306517 0.00336782 0.00673564
85.2576 3.15091 0.0739152 42.6288 0.32285 0.306501 0.306501 0.00400458 0.00800916
86.7004 3.13034 0.0722105 43.3502 0.322777 0.306391 0.306391 0.00378072 0.00756144
87.0637 3.12051 0.0716835 43.5319 0.322909 0.306373 0.306373 0.0034683 0.0069366
87.0637 3.12051 0.0716835 43.5319 0.322909 0.306373 0.306373 0.00326769 0.00653537
87.3174 3.11892 0.0714386 43.6587 0.582733 0.336974 0.336974 0.00388315 0.0077663
87.223 3.11293 0.0713786 43.6115 11.9471 11.786 11.786 0.135435 0.27087
87.9584 3.10396 0.0705779 43.9792 17.0953 17.4064 17.4064 0.215012 0.430025
85.5747 3.08378 0.0720723 42.7873 26.4405 27.4411 27.4411 0.295999 0.591997
85.9285 3.081 0.0717107 42.9642 26.8508 27.8654 27.8654 0.301286 0.602572
86.1074 3.0865 0.0716896 43.0537 27.8135 28.8802 28.8802 0.328196 0.656391
86.354 3.09066 0.0715813 43.177 27.2753 28.3137 28.3137 0.348424 0.696849
85.9392 3.09824 0.0721031 42.9696 27.3598 28.4161 28.4161 0.370083 0.740166
86.5296 3.11317 0.0719563 43.2648 24.2429 25.1213 25.1213 0.280028 0.560057
86.5296 3.11317 0.0719563 43.2648 24.2429 25.1213 25.1213 0.27066 0.54132
85.9178 3.15542 0.0734519 42.9589 21.3653 22.0904 22.0904 0.275741 0.551481
83.7085 3.1082 0.0742625 41.8543 27.6243 28.7402 28.7402 0.382752 0.765504
83.8782 3.07565 0.073336 41.9391 28.7786 29.9183 29.9183 0.356304 0.712608
83.8561 3.04959 0.0727339 41.9281 26.3951 27.3931 27.3931 0.342837 0.685674
85.5558 3.05742 0.0714718 42.7779 24.9369 25.8295 25.8295 0.300808 0.601617
83.8673 3.05093 0.0727561 41.9337 22.2847 23.0327 23.0327 0.26086 0.521719
82.6806 2.96221 0.0716544 41.3403 12.7958 12.7127 12.7127 0.14745 0.2949
82.6104 2.99482 0.0725046 41.3052 15.4075 15.592 15.592 0.204184 0.408369
82.301 3.01532 0.0732755 41.1505 16.6269 16.9383 16.9383 0.200419 0.400837
84.7862 3.00652 0.0709201 42.3931 23.126 23.8784 23.8784 0.263266 0.526532
85.1637 2.98114 0.0700096 42.5818 23.7321 24.496 24.496 0.305535 0.61107
84.6838 2.99656 0.0707706 42.3419 25.2887 26.1662 26.1662 0.319857 0.639714
85.1042 2.95797 0.0695142 42.5521 22.8948 23.5885 23.5885 0.268238 0.536476
84.446 2.9865 0.0707315 42.223 21.3774 22.0029 22.0029 0.242626 0.485251
83.9589 2.96087 0.0705315 41.9794 13.4309 13.3894 13.3894 0.159757 0.319515
82.9909 2.9238 0.0704607 41.4955 0.455858 0.321205 0.321205 0.00411946 0.00823891
83.8253 2.94939 0.07037 41.9127 6.82991 6.07981 6.07981 0.0690879 0.138176
84.4488 2.93575 0.0695274 42.2244 19.4041 19.8493 19.8493 0.232682 0.465365
82.9037 2.98483 0.0720073 41.4518 22.0644 22.7632 22.7632 0.290296 0.580592
83.1459 2.97969 0.0716737 41.573 23.4881 24.2709 24.2709 0.298838 0.597676
81.988 2.94386 0.071812 40.994 17.7973 18.1656 18.1656 0.191988 0.383976
82.8518 2.96602 0.0715982 41.4259 21.4419 22.0847 22.0847 0.298367 0.596734
82.4435 2.99999 0.0727768 41.2218 14.9991 15.1521 15.1521 0.186493 0.372986
84.0267 3.0117 0.0716844 42.0134 18.3149 18.7354 18.7354 0.233146 0.466291
84.0971 2.97533 0.0707595 42.0485 19.8768 20.3918 20.3918 0.266728 0.533457
83.0834 2.98068 0.0717514 41.5417 19.1067 19.585 19.585 0.2252 0.4504
84.1943 2.98196 0.0708352 42.0972 20.3869 20.9427 20.9427 0.261732 0.523463
83.404 2.98284 0.0715276 41.702 21.8236 22.4957 22.4957 0.267325 0.53465
81.6432 2.97697 0.0729265 40.8216 21.2049 21.8614 21.8614 0.269312 0.538625
81.1069 2.94818 0.0726986 40.5535 17.2719 17.6154 17.6154 0.219479 0.438957
80.3349 2.96674 0.0738593 40.1674 19.8073 20.3788 20.3788 0.288583 0.577165
80.4185 2.97461 0.0739783 40.2092 20.9921 21.6542 21.6542 0.267249 0.534498
83.736 2.9771 0.0711067 41.868 26.2613 27.1917 27.1917 0.329744 0.659488
83.0474 3.06515 0.0738169 41.5237 26.1742 27.1875 27.1875 0.360188 0.720377
83.8852 3.06519 0.0730806 41.9426 25.0211 25.9543 25.9543 0.334387 0.668774
83.0466 3.0389 0.0731855 41.5233 24.0111 24.8764 24.8764 0.312918 0.625835
83.9852 3.05157 0.0726692 41.9926 25.594 26.5472 26.5472 0.283551 0.567103
86.304 3.06068 0.0709279 43.152 23.087 23.8529 23.8529 0.263352 0.526705
84.5121 3.04835 0.0721399 42.2561 19.1442 19.6476 19.6476 0.215498 0.430996
82.3896 3.08301 0.0748398 41.1948 8.82097 8.3669 8.3669 0.0939152 0.18783
83.0741 3.0877 0.074336 41.5371 0.332037 0.30752 0.30752 0.00365467 0.00730934
83.4407 3.08526 0.0739508 41.7204 0.409609 0.316143 0.316143 0.00399561 0.00799122
82.9906 3.09817 0.0746632 41.4953 6.82795 6.13063 6.13063 0.070647 0.141294
83.6069 3.12253 0.0746955 41.8035 0.315035 0.305707 0.305707 0.00366134 0.00732267
81.9891 3.08128 0.0751631 40.9945 3.50397 2.37517 2.37517 0.025513 0.051026
81.1835 3.06687 0.0755541 40.5918 6.90598 6.22773 6.22773 0.071754 0.143508
81.1835 3.06687 0.0755541 40.5918 6.90598 6.22773 6.22773 0.0750927 0.150185
80.6829 3.08677 0.076516 40.3414 0.319647 0.306311 0.306311 0.0036243 0.00724861
79.4213 3.08071 0.0775789 39.7106 0.622572 0.343099 0.343099 0.00449922 0.00899844
79.0158 3.07904 0.0779347 39.5079 0.363845 0.311262 0.311262 0.00390193 0.00780387
78.4559 3.0347 0.0773606 39.228 0.322115 0.306629 0.306629 0.00364496 0.00728992
78.064 3.08906 0.0791417 39.032 0.323451 0.306881 0.306881 0.0035584 0.0071168
79.7058 3.08494 0.0774083 39.8529 0.324602 0.306902 0.306902 0.00378631 0.00757261
80.7239 3.06756 0.0760012 40.362 0.323248 0.30667 0.30667 0.00380443 0.00760886
80.8064 3.05269 0.0755556 40.4032 0.323928 0.306716 0.306716 0.00386069 0.00772138
82.3069 3.09551 0.0752186 41.1535 0.32467 0.306776 0.306776 0.00360668 0.00721336
81.0163 3.07184 0.0758327 40.5082 0.326235 0.306983 0.306983 0.00402704 0.00805408
84.7005 3.11757 0.073614 42.3503 0.32859 0.307102 0.307102 0.00416203 0.00832406
82.1219 3.07951 0.0749985 41.0609 0.329727 0.307311 0.307311 0.00375753 0.00751506
83.7095 3.11682 0.0744675 41.8548 0.330293 0.307339 0.307339 0.00379966 0.00759933
85.1636 3.13134 0.0735372 42.5818 0.330505 0.307305 0.307305 0.00351512 0.00703025
81.8111 3.10228 0.0758401 40.9056 0.330111 0.307404 0.307404 0.00384623 0.00769247
77.278 3.11548 0.0806303 38.639 0.336208 0.308372 0.308372 0.00410886 0.00821773
78.4513 3.10497 0.0791565 39.2256 0.330546 0.307657 0.307657 0.00412645 0.0082529
79.7159 3.07655 0.0771878 39.8579 0.329477 0.307419 0.307419 0.00335315 0.0067063
79.2978 3.05924 0.0771582 39.6489 0.328947 0.307359 0.307359 0.00356842 0.00713683
80.3282 3.08825 0.0768909 40.1641 0.328639 0.307309 0.307309 0.00392673 0.00785346
79.9948 3.03737 0.0759392 39.9974 0.329488 0.307342 0.307342 0.00453925 0.0090785
81.2199 2.99268 0.0736933 40.61 0.325645 0.306788 0.306788 0.00370499 0.00740999
80.8717 2.99711 0.0741202 40.4358 0.32423 0.306662 0.306662 0.00354148 0.00708296
83.8631 3.00115 0.0715725 41.9315 0.323558 0.306436 0.306436 0.00359189 0.00718379
86.1175 3.01115 0.0699311 43.0588 0.325133 0.306505 0.306505 0.00364871 0.00729742
81.9498 3.01509 0.0735839 40.9749 0.328442 0.307084 0.307084 0.00401102 0.00802204
80.0937 3.04427 0.0760177 40.0468 0.330799 0.30749 0.30749 0.00322811 0.00645621
80.5573 3.04588 0.0756203 40.2787 0.330013 0.30738 0.30738 0.00404486 0.00808971
80.1068 3.01628 0.0753066 40.0534 0.328822 0.307231 0.307231 0.00376379 0.00752757
80.8525 3.02924 0.0749326 40.4263 0.329646 0.307297 0.307297 0.00420398 0.00840796
82.544 3.05072 0.0739175 41.272 0.330092 0.307283 0.307283 0.00404387 0.00808773
82.4727 3.03116 0.0735071 41.2363 0.330804 0.307335 0.307335 0.00404159 0.00808318
87.7082 3.04917 0.06953 43.8541 6.7055 5.93365 5.93365 0.0577249 0.11545
86.129 3.00048 0.0696742 43.0645 16.7975 17.0487 17.0487 0.173721 0.347443
87.856 3.00925 0.0685041 43.928 18.9654 19.3699 19.3699 0.220321 0.440642
87.3943 2.99582 0.0685587 43.6971 0.320673 0.305947 0.305947 0.0029912 0.00598241
85.7845 2.90819 0.0678022 42.8923 0.320914 0.305927 0.305927 0.0038028 0.00760559
86.2961 2.94976 0.0683638 43.148 1.97976 0.720056 0.720056 0.00820254 0.0164051
84.2522 2.92617 0.0694623 42.1261 0.319522 0.305878 0.305878 0.00342705 0.00685411
85.2398 3.04994 0.0715614 42.6199 24.483 25.3476 25.3476 0.29665 0.593299
85.5648 3.03356 0.0709068 42.7824 31.3702 32.5549 32.5549 0.368629 0.737258
85.5372 2.98081 0.0696961 42.7686 29.7035 30.7731 30.7731 0.366645 0.733291
84.6344 2.97824 0.0703789 42.3172 21.0696 21.664 21.664 0.257251 0.514501
82.5179 2.97272 0.0720502 41.259 0.500873 0.326753 0.326753 0.00397903 0.00795805
83.9951 2.96095 0.0705029 41.9976 0.323645 0.30638 0.30638 0.00349871 0.00699741
84.8596 2.9699 0.0699957 42.4298 6.67882 5.90719 5.90719 0.0682575 0.136515
86.0515 2.9881 0.0694491 43.0257 25.1411 25.9799 25.9799 0.295803 0.591606
89.788 3.04752 0.0678825 44.894 28.4018 29.405 29.405 0.369609 0.739218
91.221 3.04286 0.0667141 45.6105 30.729 31.8149 31.8149 0.35494 0.70988
89.1827 3.04668 0.0683244 44.5914 27.2355 28.1876 28.1876 0.335163 0.670326
89.0872 3.03226 0.068074 44.5436 14.7984 14.8455 14.8455 0.176871 0.353742
88.6409 3.00719 0.0678511 44.3205 14.8082 14.849 14.849 0.177093 0.354186
87.1322 2.96939 0.0681583 43.5661 0.318756 0.305719 0.305719 0.0031619 0.0063238
85.8407 2.93756 0.0684422 42.9203 0.316276 0.305473 0.305473 0.00377019 0.00754039
82.5645 2.91985 0.0707289 41.2822 0.316595 0.305641 0.305641 0.00347829 0.00695657
85.4749 2.93677 0.0687164 42.7375 0.43742 0.318898 0.318898 0.00376202 0.00752403
82.3065 2.80332 0.0681191 41.1532 0.319135 0.305756 0.305756 0.00339774 0.00679549
83.4095 2.79699 0.0670665 41.7048 0.31971 0.305755 0.305755 0.00383188 0.00766376
79.7959 2.79863 0.0701448 39.898 0.319952 0.305963 0.305963 0.00400469 0.00800939
78.5282 2.7618 0.070339 39.2641 0.323962 0.306403 0.306403 0.00415413 0.00830826
79.4654 2.68808 0.0676542 39.7327 0.323514 0.306193 0.306193 0.0037589 0.00751781
77.9547 2.80178 0.0718822 38.9773 0.322902 0.306383 0.306383 0.00412499 0.00824997
78.7631 2.79059 0.0708603 39.3815 0.323582 0.306394 0.306394 0.00361292 0.00722583
79.4839 2.8766 0.072382 39.742 0.322929 0.306416 0.306416 0.00432452 0.00864905
80.0455 2.91645 0.0728698 40.0228 0.322576 0.306408 0.306408 0.00368859 0.00737717
80.4969 3.01541 0.0749198 40.2485 24.1053 25.0026 25.0026 0.322113 0.644227
79.6801 3.0471 0.0764835 39.84 24.7727 25.751 25.751 0.318214 0.636428
80.3779 3.09209 0.0769388 40.1889 26.0584 27.1352 27.1352 0.327379 0.654757
84.6412 3.08009 0.07278 42.3206 25.6287 26.5966 26.5966 0.316235 0.63247
85.0948 3.03169 0.0712545 42.5474 27.1922 28.196 28.196 0.32106 0.642119
87.6316 3.08987 0.0705196 43.8158 34.5056 35.8229 35.8229 0.384633 0.769267
87.6104 3.03689 0.0693271 43.8052 34.4063 35.6703 35.6703 0.433087 0.866173
84.6892 2.94023 0.0694359 42.3446 28.9242 29.9361 29.9361 0.348452 0.696904
81.886 2.89526 0.0707145 40.943 23.5312 24.2698 24.2698 0.286376 0.572753
84.9352 2.9532 0.06954 42.4676 28.2784 29.2689 29.2689 0.370536 0.741072
83.4376 2.85633 0.0684663 41.7188 22.5112 23.129 23.129 0.283604 0.567207
83.9618 2.90175 0.0691206 41.9809 19.834 20.2951 20.2951 0.22565 0.451299
81.367 2.86815 0.0704992 40.6835 4.30017 3.24141 3.24141 0.0434806 0.0869612
79.1291 2.88187 0.0728396 39.5645 0.331999 0.307421 0.307421 0.0033663 0.00673261
77.9193 2.87913 0.0739004 38.9596 0.335562 0.307874 0.307874 0.00410425 0.00820849
78.0104 2.89865 0.0743144 39.0052 0.334554 0.307791 0.307791 0.00392908 0.00785816
80.0455 2.89331 0.0722916 40.0227 0.329637 0.307133 0.307133 0.00335404 0.00670807
84.376 2.9002 0.0687445 42.188 9.07795 8.55876 8.55876 0.0916672 0.183334
83.5415 2.89042 0.0691972 41.7708 17.0902 17.3385 17.3385 0.223744 0.447488
86.2041 2.89497 0.0671655 43.102 17.5367 17.7802 17.7802 0.172218 0.344437
87.2564 2.95228 0.0676691 43.6282 16.2658 16.4238 16.4238 0.188795 0.37759
86.2518 3.05897 0.0709311 43.1259 7.79783 7.17102 7.17102 0.0927818 0.185564
83.2759 3.10536 0.0745801 41.6379 22.8335 23.6724 23.6724 0.251142 0.502285
83.0414 3.04342 0.073299 41.5207 10.8467 10.5961 10.5961 0.124933 0.249866
82.4118 3.11418 0.0755761 41.2059 0.341038 0.30858 0.30858 0.00353591 0.00707182
83.2622 3.16925 0.0761271 41.6311 0.344979 0.309048 0.309048 0.00342372 0.00684745
82.6176 3.19538 0.0773534 41.3088 0.323951 0.306828 0.306828 0.00370016 0.00740032
79.3372 3.19772 0.0806109 39.6686 5.33324 4.50225 4.50225 0.0552608 0.110522
80.4859 3.20933 0.0797489 40.2429 20.3102 21.0991 21.0991 0.256212 0.512425
81.3696 3.20279 0.078722 40.6848 23.0188 23.9847 23.9847 0.244359 0.488717
82.9469 3.16943 0.0764207 41.4734 26.0913 27.1917 27.1917 0.326492 0.652984
81.4704 3.2038 0.0786495 40.7352 29.6241 30.9565 30.9565 0.363401 0.726803
80.2244 3.14564 0.078421 40.1122 25.1598 26.2353 26.2353 0.312186 0.624372
80.0139 3.14748 0.0786733 40.007 21.0951 21.9063 21.9063 0.267686 0.535371
80.9835 3.08463 0.0761793 40.4917 13.8821 14.0015 14.0015 0.185582 0.371164
81.1137 3.07313 0.0757734 40.5569 9.02548 8.60805 8.60805 0.100558 0.201116
84.0846 3.01266 0.0716579 42.0423 0.321701 0.306242 0.306242 0.00367167 0.00734335
84.3054 3.03812 0.0720742 42.1527 21.6805 22.369 22.369 0.289723 0.579445
82.0686 3.00243 0.0731688 41.0343 16.9197 17.2522 17.2522 0.188527 0.377054
83.0634 3.0809 0.0741819 41.5317 26.5851 27.6339 27.6339 0.319872 0.639743
88.2573 2.97501 0.0674168 44.1286 22.1213 22.7233 22.7233 0.263464 0.526929
88.149 2.90334 0.0658734 44.0745 16.4669 16.598 16.598 0.165455 0.330911
92.6529 2.94043 0.0634718 46.3265 27.3176 28.1299 28.1299 0.312501 0.625001
93.8936 2.87465 0.0612321 46.9468 21.2427 21.6226 21.6226 0.222574 0.445148
92.387 2.90835 0.0629602 46.1935 27.2768 28.0644 28.0644 0.312809 0.625617
89.4138 2.98725 0.0668185 44.7069 21.5593 22.1127 22.1127 0.260461 0.520921
89.0185 2.95679 0.0664309 44.5092 3.34516 2.13988 2.13988 0.0254731 0.0509463
90.8742 2.97174 0.0654034 45.4371 10.7622 10.3702 10.3702 0.107029 0.214058
88.5979 2.98389 0.067358 44.299 7.53159 6.82694 6.82694 0.0747781 0.149556
86.097 2.91084 0.0676177 43.0485 7.40358 6.68569 6.68569 0.0802503 0.160501
86.097 2.91084 0.0676177 43.0485 7.40358 6.68569 6.68569 0.0747141 0.149428
87.9128 2.93377 0.0667428 43.9564 20.108 20.5451 20.5451 0.196339 0.392678
87.9344 2.91072 0.0662021 43.9672 17.1314 17.3248 17.3248 0.17979 0.35958
91.3646 2.92691 0.064071 45.6823 9.00161 8.40843 8.40843 0.0815261 0.163052
92.0561 2.93842 0.0638397 46.0281 22.1728 22.6889 22.6889 0.242966 0.485932
91.6121 2.94098 0.0642051 45.806 20.9793 21.4233 21.4233 0.230257 0.460514
92.7788 2.90886 0.0627053 46.3894 26.8316 27.5904 27.5904 0.297085 0.59417
92.7788 2.90886 0.0627053 46.3894 26.8316 27.5904 27.5904 0.294649 0.589297
90.9631 2.92295 0.0642667 45.4815 24.0947 24.7383 24.7383 0.251502 0.503004
88.6046 2.87271 0.0648433 44.3023 20.6995 21.1238 21.1238 0.27352 0.54704
89.0757 2.81559 0.0632178 44.5379 17.3533 17.4869 17.4869 0.196084 0.392169
86.2921 2.81589 0.065264 43.1461 7.30775 6.54782 6.54782 0.0795812 0.159162
84.983 2.83215 0.0666521 42.4915 1.54259 0.529511 0.529511 0.00624616 0.0124923
84.983 2.83215 0.0666521 42.4915 1.54259 0.529511 0.529511 0.00625936 0.0125187
90.3213 2.87677 0.0637009 45.1607 18.6473 18.8995 18.8995 0.18636 0.372719
92.07 2.81673 0.0611868 46.035 24.3026 24.8585 24.8585 0.290342 0.580685
95.5387 2.88145 0.06032 47.7694 28.4424 29.2192 29.2192 0.315165 0.63033
91.5509 2.8561 0.0623936 45.7754 24.7671 25.3886 25.3886 0.272113 0.544226
91.5509 2.8561 0.0623936 45.7754 24.7671 25.3886 25.3886 0.275983 0.551967
91.5281 2.90876 0.06356 45.7641 29.1519 30.0444 30.0444 0.297324 0.594648
92.7136 2.92071 0.0630049 46.3568 27.4126 28.2125 28.2125 0.319731 0.639463
92.5656 2.92079 0.0631075 46.2828 30.6926 31.6489 31.6489 0.373863 0.747727
91.2911 2.9422 0.0644576 45.6455 29.2713 30.2018 30.2018 0.332441 0.664882
86.8023 2.8889 0.0665628 43.4011 23.4275 24.0715 24.0715 0.273649 0.547298
86.4913 2.94827 0.068175 43.2456 26.7836 27.6716 27.6716 0.327089 0.654177
87.772 2.94123 0.0670198 43.886 28.0649 28.9909 28.9909 0.350127 0.700255
90.7499 2.92467 0.0644556 45.3749 28.9525 29.8611 29.8611 0.352491 0.704982
86.5147 2.94532 0.0680884 43.2573 28.5988 29.5729 29.5729 0.358289 0.716577
86.1313 2.99631 0.0695754 43.0657 29.0161 30.0605 30.0605 0.312964 0.625928
83.8003 2.98576 0.0712589 41.9002 24.2596 25.0831 25.0831 0.321737 0.643474
81.0836 3.05427 0.0753363 40.5418 29.5717 30.7693 30.7693 0.421271 0.842543
81.5855 3.09316 0.0758264 40.7927 32.8432 34.1858 34.1858 0.459156 0.918312
81.3364 3.09335 0.0760632 40.6682 32.4009 33.7334 33.7334 0.416788 0.833575
82.486 3.03293 0.073538 41.243 29.6833 30.8449 30.8449 0.36519 0.730379
81.0629 3.10934 0.0767142 40.5315 30.6859 31.9787 31.9787 0.397483 0.794966
83.4973 3.09168 0.0740546 41.7487 35.6553 37.0481 37.0481 0.430983 0.861966
85.4782 3.1587 0.0739067 42.7391 39.5351 41.043 41.043 0.512597 1.02519
82.9125 3.17509 0.0765891 41.4562 39.2291 40.762 40.762 0.484646 0.969291
85.5586 3.12245 0.0729897 42.7793 40.2116 41.6898 41.6898 0.45346 0.90692
86.366 3.01792 0.0698868 43.183 35.5952 36.8869 36.8869 0.456895 0.913789
87.7648 3.03569 0.0691779 43.8824 37.7624 39.106 39.106 0.441077 0.882155
90.6978 3.0546 0.0673577 45.3489 41.6001 43.0008 43.0008 0.460256 0.920511
91.4526 3.10043 0.0678042 45.7263 44.2867 45.751 45.751 0.483471 0.966943
90.3143 3.06975 0.0679793 45.1572 41.9046 43.3254 43.3254 0.479022 0.958044
89.8021 3.01585 0.0671667 44.901 39.4838 40.8228 40.8228 0.41776 0.83552
88.5843 3.02072 0.0682 44.2921 38.5272 39.8637 39.8637 0.406084 0.812169
86.7537 2.96001 0.0682394 43.3768 32.8448 33.9973 33.9973 0.394286 0.788572
88.784 2.97614 0.0670422 44.392 31.6051 32.7013 32.7013 0.366238 0.732476
88.784 2.97614 0.0670422 44.392 31.6051 32.7013 32.7013 0.384962 0.769925
88.2186 2.94369 0.0667362 44.1093 28.2811 29.2127 29.2127 0.321804 0.643608
91.2568 2.8868 0.0632677 45.6284 31.2971 32.266 32.266 0.374874 0.749749
88.1854 2.89226 0.0655951 44.0927 27.1453 27.9773 27.9773 0.306342 0.612684
87.2047 2.8606 0.0656067 43.6023 25.3587 26.0855 26.0855 0.295944 0.591889
87.6982 2.83357 0.064621 43.8491 22.0741 22.5759 22.5759 0.252199 0.504398
88.8541 2.86218 0.0644244 44.4271 27.0905 27.8838 27.8838 0.350852 0.701704
88.9921 2.92015 0.0656272 44.4961 31.5867 32.628 32.628 0.359832 0.719663
86.8281 2.89341 0.0666468 43.414 27.492 28.3632 28.3632 0.310557 0.621115
86.5553 2.86114 0.0661112 43.2776 23.0854 23.6907 23.6907 0.298946 0.597892
83.7502 2.8608 0.0683175 41.8751 25.5137 26.3048 26.3048 0.341605 0.683209
85.3328 2.86015 0.0670351 42.6664 25.8474 26.6301 26.6301 0.285864 0.571728
86.8083 2.89549 0.06671 43.4042 28.3593 29.2739 29.2739 0.332283 0.664565
87.1236 3.00718 0.0690325 43.5618 32.543 33.7247 33.7247 0.347996 0.695993
85.9675 2.98471 0.069438 42.9838 29.2764 30.3246 30.3246 0.374052 0.748104
85.9675 2.98471 0.069438 42.9838 29.2764 30.3246 30.3246 0.330258 0.660516
88.8663 2.92571 0.0658453 44.4332 28.6931 29.6186 29.6186 0.299443 0.598885
84.5363 2.88834 0.0683336 42.2682 12.4596 12.2784 12.2784 0.150773 0.301547
84.9673 2.91488 0.0686119 42.4836 0.319742 0.30585 0.30585 0.00349606 0.00699212
84.9673 2.91488 0.0686119 42.4836 0.319742 0.30585 0.30585 0.00394875 0.0078975
80.3831 2.8617 0.0712015 40.1916 0.314991 0.305497 0.305497 0.00337433 0.00674865
81.2748 2.76386 0.0680128 40.6374 6.54488 5.73043 5.73043 0.075362 0.150724
81.3203 2.83242 0.069661 40.6601 0.313408 0.305239 0.305239 0.00361778 0.00723556
80.1757 2.84942 0.0710794 40.0878 0.313757 0.305359 0.305359 0.00423053 0.00846106
79.6335 2.8593 0.0718114 39.8168 0.310482 0.305053 0.305053 0.00401713 0.00803426
83.5215 2.87086 0.0687453 41.7608 0.313334 0.305179 0.305179 0.00356053 0.00712105
84.0441 2.91604 0.069393 42.0221 0.31583 0.305481 0.305481 0.00378951 0.00757901
84.2223 2.88098 0.0684138 42.1112 0.318068 0.305661 0.305661 0.00341836 0.00683672
82.9138 2.94429 0.0710205 41.4569 0.31691 0.305692 0.305692 0.00375142 0.00750285
81.2576 2.94509 0.0724876 40.6288 0.315259 0.305601 0.305601 0.00358318 0.00716636
79.6049 2.97418 0.0747235 39.8024 0.316557 0.305872 0.305872 0.0041246 0.00824919
81.4058 2.95901 0.0726978 40.7029 0.314381 0.30552 0.30552 0.00351823 0.00703647
82.0258 2.95764 0.0721149 41.0129 0.314665 0.305516 0.305516 0.00402911 0.00805821
80.616 2.96938 0.0736674 40.308 0.316228 0.305774 0.305774 0.00336362 0.00672725
86.5212 2.92269 0.0675602 43.2606 0.315783 0.305369 0.305369 0.0030014 0.00600281
86.5212 2.92269 0.0675602 43.2606 0.315783 0.305369 0.305369 0.00308021 0.00616043
86.5212 2.92269 0.0675602 43.2606 0.315783 0.305369 0.305369 0.00397723 0.00795447
87.797 2.89129 0.0658631 43.8985 0.315235 0.305212 0.305212 0.00307494 0.00614989
87.7827 2.92123 0.0665559 43.8914 0.318779 0.305627 0.305627 0.00382377 0.00764754
90.4018 2.89275 0.0639976 45.2009 24.0876 24.7161 24.7161 0.292293 0.584587
93.3026 2.89108 0.0619721 46.6513 0.323451 0.305846 0.305846 0.00297861 0.00595722
93.1603 2.91297 0.0625367 46.5802 0.322544 0.305784 0.305784 0.00356708 0.00713415
91.1069 2.94622 0.064676 45.5535 0.324018 0.306068 0.306068 0.00333177 0.00666354
90.6145 3.02506 0.0667677 45.3072 0.323632 0.306154 0.306154 0.00350517 0.00701035
88.0542 2.99244 0.0679681 44.0271 0.324289 0.306296 0.306296 0.00380633 0.00761265
88.8468 2.97384 0.0669432 44.4234 0.324381 0.306244 0.306244 0.00363719 0.00727439
88.1628 2.95468 0.0670278 44.0814 0.326031 0.306424 0.306424 0.00367138 0.00734276
88.3544 2.99746 0.0678508 44.1772 14.4721 14.4813 14.4813 0.159612 0.319225
88.6473 3.01527 0.0680284 44.3236 22.0696 22.6918 22.6918 0.235701 0.471403
88.6473 3.01527 0.0680284 44.3236 22.0696 22.6918 22.6918 0.225745 0.451489
90.5436 3.06577 0.0677191 45.2718 26.1094 26.9928 26.9928 0.31911 0.638221
91.3105 3.04231 0.0666365 45.6552 26.0442 26.8922 26.8922 0.308117 0.616234
92.0609 3.02015 0.0656121 46.0304 26.2382 27.0669 27.0669 0.280468 0.560937
92.1631 3.02349 0.0656118 46.0815 28.6476 29.6053 29.6053 0.3095 0.619
90.1931 2.99218 0.0663506 45.0966 27.4304 28.3304 28.3304 0.34535 0.6907
90.3105 2.91507 0.0645566 45.1552 22.469 23.0153 23.0153 0.217565 0.43513
90.1153 2.93403 0.0651171 45.0577 25.4528 26.1983 26.1983 0.265396 0.530792
89.676 2.90562 0.0648027 44.838 26.6598 27.4548 27.4548 0.312212 0.624424
90.9839 2.94889 0.0648222 45.4919 29.0566 29.9876 29.9876 0.329819 0.659638
89.5399 2.94026 0.0656748 44.7699 27.2566 28.1139 28.1139 0.327253 0.654506
90.273 2.96981 0.0657962 45.1365 30.6344 31.6647 31.6647 0.35199 0.703981
93.0867 3.00268 0.0645136 46.5433 33.3199 34.4472 34.4472 0.388176 0.776352
92.6194 2.99799 0.0647379 46.3097 33.4296 34.5626 34.5626 0.345683 0.691365
94.8764 2.91126 0.0613695 47.4382 31.9716 32.9403 32.9403 0.358148 0.716297
96.8614 2.90605 0.0600042 48.4307 32.358 33.3109 33.3109 0.321389 0.642777
101.679 3.04032 0.0598026 50.8393 41.4086 42.7113 42.7113 0.401157 0.802315
97.3692 3.04454 0.0625361 48.6846 41.3412 42.6835 42.6835 0.417268 0.834536
96.5798 3.05945 0.063356 48.2899 40.0529 41.3903 41.3903 0.42202 0.844039
95.4883 3.0714 0.0643304 47.7442 38.5574 39.882 39.882 0.396097 0.792194
95.4883 3.0714 0.0643304 47.7442 38.5574 39.882 39.882 0.391487 0.782975
91.5561 3.06531 0.0669604 45.778 35.4787 36.7558 36.7558 0.417463 0.834927
92.4333 3.15235 0.068208 46.2167 36.5374 37.9184 37.9184 0.398014 0.796028
94.5089 3.18135 0.0673239 47.2545 30.05 31.1766 31.1766 0.315233 0.630465
96.6617 3.19205 0.0660459 48.3308 31.4376 32.6067 32.6067 0.314915 0.62983
96.6617 3.19205 0.0660459 48.3308 31.4376 32.6067 32.6067 0.356415 0.71283
96.7611 3.22019 0.0665595 48.3805 24.8648 25.6912 25.6912 0.28392 0.56784
96.7611 3.22019 0.0665595 48.3805 24.8648 25.6912 25.6912 0.25535 0.5107
100.248 3.23039 0.0644482 50.1239 12.7467 12.5478 12.5478 0.129914 0.259829
100.248 3.23039 0.0644482 50.1239 12.7467 12.5478 12.5478 0.12499 0.249981
93.0704 3.14145 0.0675069 46.5352 38.5222 39.9375 39.9375 0.422676 0.845351
94.9312 3.06414 0.0645549 47.4656 40.3586 41.721 41.721 0.494861 0.989721
94.4316 3.09466 0.0655428 47.2158 38.026 39.3704 39.3704 0.432483 0.864966
99.2367 3.05892 0.0616489 49.6184 42.33 43.6898 43.6898 0.469811 0.939623
99.2367 3.05892 0.0616489 49.6184 42.33 43.6898 43.6898 0.382302 0.764604
98.6451 2.99406 0.0607036 49.3225 40.56 41.8266 41.8266 0.436663 0.873326
99.8897 3.08017 0.0616714 49.9449 40.1641 41.4932 41.4932 0.4444 0.8888
99.8897 3.08017 0.0616714 49.9449 40.1641 41.4932 41.4932 0.424706 0.849412
98.1536 3.07685 0.0626946 49.0768 40.3347 41.6809 41.6809 0.441192 0.882383
98.1536 3.07685 0.0626946 49.0768 40.3347 41.6809 41.6809 0.407108 0.814216
96.3408 3.07245 0.0637829 48.1704 40.5746 41.9377 41.9377 0.407411 0.814822
96.3408 3.07245 0.0637829 48.1704 40.5746 41.9377 41.9377 0.446892 0.893783
95.1842 3.00695 0.0631818 47.5921 40.243 41.5452 41.5452 0.427078 0.854156
95.6941 3.0028 0.0627582 47.847 40.4143 41.7116 41.7116 0.418494 0.836987
99.5284 3.10309 0.0623558 49.7642 44.2879 45.7204 45.7204 0.437326 0.874651
103.236 3.08004 0.0596698 51.6181 45.5676 46.9723 46.9723 0.413682 0.827365
103.039 3.05687 0.0593339 51.5197 45.0927 46.469 46.469 0.40122 0.802439
106.941 3.09815 0.0579415 53.4703 48.8561 50.2982 50.2982 0.466763 0.933526
103.614 3.13382 0.0604905 51.8068 48.8721 50.3628 50.3628 0.466254 0.932509
104.079 3.06285 0.058856 52.0397 48.0945 49.5068 49.5068 0.478987 0.957973
102.557 3.01789 0.0588527 51.2786 46.4174 47.7751 47.7751 0.457432 0.914863
99.8697 2.99176 0.0599133 49.9348 44.2132 45.5326 45.5326 0.482479 0.964959
103.959 3.06682 0.0590006 51.9794 48.3662 49.7852 49.7852 0.431008 0.862017
97.0717 3.00749 0.0619643 48.5358 44.4839 45.8374 45.8374 0.472257 0.944515
96.9911 3.0277 0.0624324 48.4956 44.9077 46.2858 46.2858 0.511295 1.02259
92.7198 2.92836 0.0631657 46.3599 35.3229 36.4523 36.4523 0.404364 0.808727
91.9533 2.93989 0.0639432 45.9767 34.8973 36.0335 36.0335 0.422834 0.845669
91.9533 2.93989 0.0639432 45.9767 34.8973 36.0335 36.0335 0.382011 0.764022
91.9533 2.93989 0.0639432 45.9767 34.8973 36.0335 36.0335 0.386992 0.773985
93.4174 2.95723 0.0633121 46.7087 38.8121 40.0518 40.0518 0.350561 0.701122
92.5315 2.94406 0.0636336 46.2657 36.206 37.3778 37.3778 0.432137 0.864274
89.8928 2.95085 0.0656526 44.9464 37.6606 38.9009 38.9009 0.349616 0.699232
91.8752 3.05932 0.0665974 45.9376 44.5122 45.9355 45.9355 0.532115 1.06423
93.902 3.14968 0.0670844 46.951 47.5609 49.077 49.077 0.481968 0.963935
93.902 3.14968 0.0670844 46.951 47.5609 49.077 49.077 0.513049 1.0261
93.902 3.14968 0.0670844 46.951 47.5609 49.077 49.077 0.534672 1.06934
93.902 3.14968 0.0670844 46.951 47.5609 49.077 49.077 0.450298 0.900596
95.7497 3.14588 0.0657104 47.8748 48.5054 50.0177 50.0177 0.533962 1.06792
95.7497 3.14588 0.0657104 47.8748 48.5054 50.0177 50.0177 0.570451 1.1409
95.7497 3.14588 0.0657104 47.8748 48.5054 50.0177 50.0177 0.514361 1.02872
93.0596 3.06825 0.0659416 46.5298 44.2461 45.674 45.674 0.460124 0.920247
93.2431 3.08246 0.0661167 46.6216 44.7245 46.1688 46.1688 0.530224 1.06045
95.0348 3.21887 0.0677408 47.5174 48.26 49.8451 49.8451 0.532761 1.06552
95.0348 3.21887 0.0677408 47.5174 48.26 49.8451 49.8451 0.541455 1.08291
95.0348 3.21887 0.0677408 47.5174 48.26 49.8451 49.8451 0.526977 1.05395
95.0348 3.21887 0.0677408 47.5174 48.26 49.8451 49.8451 0.553721 1.10744
95.0348 3.21887 0.0677408 47.5174 48.26 49.8451 49.8451 0.535751 1.0715
95.0348 3.21887 0.0677408 47.5174 48.26 49.8451 49.8451 0.522171 1.04434
93.9871 3.13726 0.0667593 46.9935 46.0336 47.5365 47.5365 0.539681 1.07936
94.5892 3.2045 0.0677562 47.2946 47.6971 49.2684 49.2684 0.56868 1.13736
94.5892 3.2045 0.0677562 47.2946 47.6971 49.2684 49.2684 0.52115 1.0423
94.888 3.18093 0.0670461 47.444 46.4492 47.9958 47.9958 0.470358 0.940717
93.3168 3.15869 0.0676981 46.6584 44.2099 45.7269 45.7269 0.508381 1.01676
92.6093 3.13706 0.0677482 46.3047 44.8802 46.3813 46.3813 0.533868 1.06774
91.592 3.11616 0.0680443 45.796 42.8232 44.2932 44.2932 0.503287 1.00657
91.592 3.11616 0.0680443 45.796 42.8232 44.2932 44.2932 0.459029 0.918057
91.592 3.11616 0.0680443 45.796 42.8232 44.2932 44.2932 0.53513 1.07026
89.5601 3.12848 0.0698632 44.7801 41.3024 42.779 42.779 0.534572 1.06914
90.91 3.20718 0.0705573 45.455 43.3503 44.9176 44.9176 0.562649 1.1253
89.8141 3.26639 0.0727366 44.9071 42.3823 44.0054 44.0054 0.438721 0.877441
89.8141 3.26639 0.0727366 44.9071 42.3823 44.0054 44.0054 0.486943 0.973886
89.8141 3.26639 0.0727366 44.9071 42.3823 44.0054 44.0054 0.510842 1.02168
89.8141 3.26639 0.0727366 44.9071 42.3823 44.0054 44.0054 0.464336 0.928672
89.8141 3.26639 0.0727366 44.9071 42.3823 44.0054 44.0054 0.561147 1.12229
89.8141 3.26639 0.0727366 44.9071 42.3823 44.0054 44.0054 0.417279 0.834558
89.8141 3.26639 0.0727366 44.9071 42.3823 44.0054 44.0054 0.459388 0.918775
90.2316 3.26294 0.0723236 45.1158 42.4015 44.0196 44.0196 0.437321 0.874642
90.2316 3.26294 0.0723236 45.1158 42.4015 44.0196 44.0196 0.468196 0.936391
90.2316 3.26294 0.0723236 45.1158 42.4015 44.0196 44.0196 0.484126 0.968253
90.2316 3.26294 0.0723236 45.1158 42.4015 44.0196 44.0196 0.531594 1.06319
88.6003 3.23649 0.0730582 44.3002 42.261 43.8576 43.8576 0.562733 1.12547
88.6003 3.23649 0.0730582 44.3002 42.261 43.8576 43.8576 0.528727 1.05745
88.6003 3.23649 0.0730582 44.3002 42.261 43.8576 43.8576 0.494635 0.989269
88.6003 3.23649 0.0730582 44.3002 42.261 43.8576 43.8576 0.544537 1.08907
88.6003 3.23649 0.0730582 44.3002 42.261 43.8576 43.8576 0.506861 1.01372
88.6003 3.23649 0.0730582 44.3002 42.261 43.8576 43.8576 0.504914 1.00983
88.6003 3.23649 0.0730582 44.3002 42.261 43.8576 43.8576 0.532293 1.06459
88.6003 3.23649 0.0730582 44.3002 42.261 43.8576 43.8576 0.550337 1.10067
86.3623 3.22699 0.0747314 43.1811 40.7735 42.3574 42.3574 0.468994 0.937989
81.8597 3.21576 0.0785675 40.9299 39.3028 40.8804 40.8804 0.487087 0.974174
81.8597 3.21576 0.0785675 40.9299 39.3028 40.8804 40.8804 0.513844 1.02769
83.2375 3.22408 0.077467 41.6188 41.2957 42.8866 42.8866 0.509014 1.01803
84.0423 3.1942 0.0760141 42.0212 40.8967 42.4556 42.4556 0.480542 0.961084
82.2338 3.18187 0.077386 41.1169 39.1721 40.7138 40.7138 0.503999 1.008
83.4338 3.18463 0.0763392 41.7169 39.4431 40.9852 40.9852 0.463236 0.926473
84.8001 3.14316 0.0741312 42.4 38.6371 40.1225 40.1225 0.503948 1.0079
84.8001 3.14316 0.0741312 42.4 38.6371 40.1225 40.1225 0.504316 1.00863
83.1971 3.13403 0.0753399 41.5985 37.8069 39.2819 39.2819 0.450562 0.901124
82.9959 3.15256 0.0759691 41.498 38.0202 39.5175 39.5175 0.46867 0.937339
82.9959 3.15256 0.0759691 41.498 38.0202 39.5175 39.5175 0.462231 0.924462
82.9959 3.15256 0.0759691 41.498 38.0202 39.5175 39.5175 0.496596 0.993191
82.3701 3.22201 0.0782325 41.185 41.6768 43.2653 43.2653 0.527729 1.05546
84.4406 3.23036 0.0765119 42.2203 41.812 43.409 43.409 0.533608 1.06722
85.0917 3.29692 0.0774911 42.5459 43.6919 45.3534 45.3534 0.468955 0.937909
83.2099 3.31161 0.0795965 41.605 44.7726 46.432 46.432 0.523732 1.04746
83.9881 3.29245 0.0784028 41.9941 45.8682 47.4996 47.4996 0.561262 1.12252
85.0863 3.34513 0.0786293 42.5431 49.2775 50.9057 50.9057 0.587486 1.17497
86.316 3.34577 0.0775238 43.158 51.1379 52.7362 52.7362 0.689498 1.379
86.8794 3.32299 0.0764967 43.4397 49.2391 50.8699 50.8699 0.58522 1.17044
85.72 3.30725 0.0771641 42.86 43.5598 45.2331 45.2331 0.48207 0.964141
84.4557 3.27472 0.0775489 42.2279 44.28 45.9139 45.9139 0.52261 1.04522
86.2234 3.25484 0.0754978 43.1117 46.5632 48.1642 48.1642 0.574762 1.14952
84.4656 3.24161 0.0767557 42.2328 45.0624 46.6564 46.6564 0.582037 1.16407
85.0516 3.23383 0.0760439 42.5258 45.1562 46.7446 46.7446 0.533268 1.06654
85.9481 3.21362 0.0747804 42.9741 47.482 49.0273 49.0273 0.607908 1.21582
88.4447 3.18071 0.0719253 44.2224 48.0798 49.6033 49.6033 0.546125 1.09225
89.4098 3.18522 0.0712499 44.7049 49.2874 50.8061 50.8061 0.611321 1.22264
90.1678 3.16755 0.070259 45.0839 49.7091 51.2103 51.2103 0.57813 1.15626
89.4094 3.13369 0.0700976 44.7047 41.284 42.7663 42.7663 0.519275 1.03855
85.0085 3.08157 0.0725003 42.5043 25.9532 26.9345 26.9345 0.347728 0.695455
83.7205 3.04772 0.072807 41.8602 25.5599 26.5125 26.5125 0.315714 0.631427
86.1977 3.07005 0.0712328 43.0989 35.6557 37.0012 37.0012 0.424366 0.848732
87.3453 3.08356 0.0706062 43.6727 38.492 39.8992 39.8992 0.420492 0.840984
87.6569 2.99334 0.0682968 43.8284 34.916 36.1525 36.1525 0.413845 0.82769
88.5914 3.03768 0.0685773 44.2957 38.1028 39.4481 39.4481 0.495012 0.990025
85.2421 3.03187 0.0711356 42.621 38.6673 40.0401 40.0401 0.450541 0.901082
87.6202 3.03229 0.0692145 43.8101 40.2003 41.579 41.579 0.473753 0.947506
87.129 2.96759 0.0681196 43.5645 30.9887 32.076 32.076 0.362666 0.725332
84.4044 3.06929 0.0727281 42.2022 40.3654 41.7959 41.7959 0.548645 1.09729
84.4044 3.06929 0.0727281 42.2022 40.3654 41.7959 41.7959 0.489044 0.978088
84.1296 3.01411 0.071654 42.0648 37.102 38.4411 38.4411 0.452042 0.904085
82.6467 2.89199 0.0699844 41.3233 24.0351 24.7879 24.7879 0.281593 0.563185
79.1097 2.90034 0.0733244 39.5549 22.5731 23.3058 23.3058 0.281929 0.563859
79.7018 2.88013 0.0722726 39.8509 21.3452 21.9713 21.9713 0.28645 0.5729
81.3517 2.87681 0.0707252 40.6759 23.3317 24.0525 24.0525 0.305599 0.611198
82.0506 2.81777 0.0686836 41.0253 18.2037 18.5165 18.5165 0.219547 0.439094
82.4615 2.82782 0.0685852 41.2307 16.8608 17.0677 17.0677 0.218376 0.436752
82.0336 2.72111 0.0663414 41.0168 0.313731 0.30508 0.30508 0.0039976 0.0079952
85.369 2.85711 0.0669355 42.6845 18.7268 19.0509 19.0509 0.216032 0.432065
85.1125 2.99891 0.0704693 42.5562 31.2081 32.3607 32.3607 0.404081 0.808163
83.8704 3.02647 0.0721703 41.9352 32.7285 33.9761 33.9761 0.433013 0.866025
82.9023 3.06709 0.0739929 41.4511 31.1265 32.3703 32.3703 0.408678 0.817356
82.061 2.99729 0.0730503 41.0305 23.3349 24.1417 24.1417 0.287662 0.575325
82.9145 3.04487 0.0734459 41.4573 24.0222 24.8955 24.8955 0.326905 0.653811
84.6045 3.06749 0.0725136 42.3022 31.9332 33.1833 33.1833 0.385277 0.770554
84.1097 3.14422 0.0747646 42.0549 39.8239 41.3262 41.3262 0.433976 0.867951
84.066 3.04951 0.0725503 42.033 34.4647 35.7823 35.7823 0.453914 0.907827
81.9557 3.06781 0.0748651 40.9778 35.696 37.0798 37.0798 0.462788 0.925576
84.3838 3.06218 0.0725775 42.1919 37.598 38.9909 38.9909 0.45244 0.904879
84.9673 3.05725 0.0719631 42.4837 37.2981 38.6768 38.6768 0.492077 0.984155
83.2917 3.10849 0.074641 41.6458 38.1955 39.6496 39.6496 0.502583 1.00517
84.2561 3.07737 0.073048 42.128 38.2465 39.6647 39.6647 0.467224 0.934449
90.2427 3.08199 0.0683044 45.1213 40.5464 41.9637 41.9637 0.49758 0.995161
85.531 3.07202 0.0718341 42.7655 37.4238 38.8148 38.8148 0.388174 0.776348
87.7386 3.08656 0.070358 43.8693 41.2191 42.6614 42.6614 0.502924 1.00585
90.6585 3.15283 0.0695539 45.3293 43.5614 45.0764 45.0764 0.542999 1.086
85.7316 3.2262 0.0752628 42.8658 41.9902 43.582 43.582 0.52082 1.04164
87.775 3.28708 0.0748979 43.8875 44.3682 46.0218 46.0218 0.600829 1.20166
84.511 3.25955 0.0771392 42.2555 41.6379 43.2637 43.2637 0.493072 0.986143
84.4287 3.13388 0.0742374 42.2144 37.4563 38.9174 38.9174 0.436401 0.872803
85.0652 3.13264 0.0736526 42.5326 37.6662 39.1248 39.1248 0.513335 1.02667
86.472 3.22131 0.0745052 43.236 44.1768 45.7635 45.7635 0.507507 1.01501
