## a50 a95-a50
# log_sel_pars
1  0.967776 -1.48241
2  1.09175 -1.15581
3  1.56671 -0.770418
4  0.720276 -2.99573
5  0.720276 -2.99573


# log_sel_age
1 -2.84341 -0.180547 -0.00241781 -2.96143e-05 -3.62203e-07 -4.33236e-09 4.57754e-11 9.93365e-11 9.99918e-11
2 -3.15496 -0.661081 -0.0383495 -0.00163 -6.80697e-05 -2.84041e-06 -1.18429e-07 -4.84598e-09 -1.06386e-10
3  -6.03252 -3.8901 -1.87522 -0.492514 -0.0707816 -0.00841754 -0.000973724 -0.000112268 -1.29392e-05
4  -1.38734 -6.19205e-09 0 0 0 0 0 0 0
5  -1.38734 -6.19205e-09 0 0 0 0 0 0 0

# lenAge
16.6619 20.603 23.0416 24.5506 25.4844 26.0621 26.4197 26.6409 26.7778