# Number of parameters = 255 Objective function value = -1429.38  Maximum gradient component = 0.000109188
# theta[1]:
 7.32214
# theta[2]:
 0.775463
# theta[3]:
 -0.787780
# theta[4]:
 6.97401
# theta[5]:
 5.62325
# theta[6]:
 0.272596
# theta[7]:
 1.64346
# sel_par[1]:
 0.980661 -1.20434
# sel_par[2]:
 1.06850 -1.08802
# sel_par[3]:
 1.54232 -0.908608
# sel_par[4]:
 0.720276 -2.99573
# sel_par[5]:
 0.720276 -2.99573
# log_ft_pars:
 -0.407619 -0.308051 -2.13370 -0.514991 -0.468814 -0.0383431 0.318247 -0.615953 -0.240638 -0.0695237 -0.201731 -0.0398552 0.0660690 0.0926252 0.0120271 0.223992 0.654410 -2.17871 -4.61815 -4.86436 -3.17474 -2.68063 -2.38091 -4.61569 -5.02760 -2.66931 -2.69274 -1.81289 -1.67041 -3.31120 -2.66384 -2.78217 -4.06088 -3.76380 -4.01530 -4.98952 -5.57747 -4.71800 -4.31056 -5.92624 -5.10467 -4.57380 -5.31443 -4.73867 -5.09309 -5.24460 -5.62893 -4.73682 -4.19140 -4.33767 -4.31079 -4.44541 -3.98875 -4.31385 -3.83850 -3.54478 -4.33839 -3.86394 -4.70232 -4.45619 -4.56155 -2.95457 -2.80483 -2.41445 -2.43601 -2.64109 -2.83093 -1.77257 -3.15016 -4.56724 -4.73889 -5.79271 -2.88867 -2.96729 -5.89067 -3.42812 -2.85422 -1.70628 -2.08301 -2.56187 -5.78878 -2.89831 -3.88638 -3.89690 -4.28582 -3.32334 -3.22552 -3.00718 -3.08631 -2.48975 -2.32797 -2.80013 -2.89838 -2.49470 -2.52946 -2.34829 -2.27594 -2.56866 -2.34582 -1.96767 -2.89435 -2.16523 -2.20725 -2.22801 -3.08712 -2.41688 -2.40584 -2.22668 -2.50451 -2.51118 -4.10244 -1.60270 -1.37637 -0.991013 -1.09288 -1.17990 -1.21288 -1.40568 -2.16839 -1.67868 -1.46395 -0.712036 -0.682490 -1.00377 -0.864697 -1.13525 -1.25215 -1.24510 -1.04121 -1.19011 -1.22773 -1.04623 -1.44721 -1.64728 -1.40564 -1.22821 -1.45199 -1.38950 -1.29391 -1.18205 -1.23248 -1.76108 -1.28303 -1.18546 -1.29069 -1.83667 -1.53181 -1.46011 -1.17214 -1.35041 -1.46737 -1.60695 -1.83709 -1.55522 -1.33752
# init_log_rec_devs:
 1.40422 0.985268 -0.696016 -0.532559 -0.389694 -0.280950 -0.190028 -0.300247
# log_rec_devs:
 0.0281702 0.103219 0.480869 0.285268 -0.350582 -0.708100 -0.569835 0.0662692 0.0224990 -0.536257 0.263039 0.223950 0.543097 -0.126964 -0.436752 -0.203274 -0.283321 -0.958716 -0.0156838 0.0419593 -0.245994 -0.352449 -0.267217 -0.0201912 -0.513358 -0.0192705 -0.255194 -0.910070 -0.355874 -0.578226 -0.533789 -0.732301 -0.899731 -0.311483 0.288618 -0.347886 0.526268 -0.623505 0.328621 -0.220707 0.656685 0.365777 0.666554 -0.133741 0.527564 0.851768 0.839431 -0.0221644 0.324912 0.461979 0.628030 0.661897 0.186142 0.241151 0.157186 0.712846 -0.642010 0.607481 -1.08164 0.708878 0.182213 -0.396574 0.224848 0.247375 0.237674 0.383691 0.576929
# log_m_nodes:
 -0.101275 -0.0529335 0.230076 -0.0386502 -0.101908 0.0974238 -0.0467322 0.0550487 -0.0579262 0.0630277 -0.116478 -0.00165710
# log_age_tau2[1]:
0.325000000000
# log_age_tau2[2]:
0.325000000000
# log_age_tau2[3]:
0.325000000000
# phi1[1]:
0.0100000000000
# phi1[2]:
0.0100000000000
# phi1[3]:
0.0100000000000
# phi2[1]:
0.500000000000
# phi2[2]:
0.500000000000
# phi2[3]:
0.500000000000
# log_degrees_of_freedom[1]:
5.35000000000
# log_degrees_of_freedom[2]:
5.35000000000
# log_degrees_of_freedom[3]:
5.35000000000
# gamma_r:
0.00000000000
