##  ./assesssp : Surplus production model data.
## Written: Mon Nov 21 13:40:52 2016 
# nT nIndices 
87 3 
# nProjYears 
1 
# trendYears 
5 
# rSeed 
1234 
# ruleType 
2 
# nQlevels 
1 
# Qlevel 
0 
1 
2 
3 
-1 
# Catch biomass (katch, tonnes)
0.5474407 0.9167001 1.647467 2.917356 5.07493 5.555196 3.523841 5.906372 3.988012 4.777869 7.409226 7.077953 4.796474 3.8733 4.380877 4.313222 3.832764 4.030129 4.340078 3.830248 4.195747 4.451663 4.632696 5.403232 5.327896 4.908725 5.116655 5.012955 5.114835 5.006354 4.188853 3.459691 4.145928 4.597305 4.715937 3.829099 3.612814 2.996788 2.288988 2.9475 4.635792 4.531304 3.405026 3.08896 2.507009 2.280983 2.063108 2.198345 1.904629 1.689124 2.576047 2.002009 1.545506 1.681879 1.489519 2.032877 2.092792 2.429282 2.676243 3.212845 3.202543 3.334444 3.296373 3.516045 3.387573 3.178517 3.100863 3.083622 2.853895 2.922621 2.833555 2.629565 2.071626 1.489286 1.489291 1.489071 1.489012 1.489063 1.489149 1.489137 1.48924 1.489247 1.489393 1.489986 1.489924 1.490043 1.489963 
# Index series indexType: 0=abs, 1=rel)
1 1 1 
# First year for each index (fYear)
1 1 1 
# Last year for each index (lYear)
87 87 87 
# Index series (possibly a matrix)
-1 -1 -1 -1 -1 -1 -1 -1 -1 -1 -1 -1 -1 -1 17.661 15.312 15.056 16.973 16.819 13.059 17.687 15.602 16.16 24.736 25.695 19.222 24.6 24.363 20.38 18.397 15.02 14.087 12.956 13.02 13.426 12.667 10.082 9.899 19.222 14.009 11.615 10.034 9.705 10.042 10.09 -1 -1 -1 -1 -1 -1 -1 -1 -1 -1 -1 -1 -1 -1 -1 -1 -1 -1 -1 -1 -1 -1 -1 -1 -1 -1 -1 -1 -1 -1 -1 -1 -1 -1 -1 -1 -1 -1 -1 -1 -1 -1 
 
-1 -1 -1 -1 -1 -1 -1 -1 -1 -1 -1 -1 -1 -1 -1 -1 -1 -1 -1 -1 -1 -1 -1 -1 -1 20.017 19.594 25.603 37.02 15.565 13.882 11.413 7.879 12.176 7.768 9.394 3.141 8.487 29.228 26.811 19.799 17.702 10.27 10.889 7.229 -1 -1 -1 -1 -1 -1 -1 -1 -1 -1 -1 -1 -1 -1 -1 -1 -1 -1 -1 -1 -1 -1 -1 -1 -1 -1 -1 -1 -1 -1 -1 -1 -1 -1 -1 -1 -1 -1 -1 -1 -1 -1 
 
-1 -1 -1 -1 -1 -1 -1 -1 -1 -1 -1 -1 -1 -1 -1 -1 -1 -1 -1 -1 -1 -1 -1 -1 -1 -1 -1 -1 -1 -1 -1 -1 -1 -1 -1 -1 -1 -1 28.363 24.941 23.789 28.889 20.476 26.243 18.299 21.402 19.851 15.21 19.729 13.443 22.638 17.43994 18.71363 14.50287 27.48836 22.38929 32.23652 32.84481 51.15586 32.61213 38.62732 33.12245 44.72186 31.82613 27.6606 30.07964 31.42867 24.66944 31.95241 27.47804 23.60505 15.62408 15.66574 19.31501 18.18767 13.31776 14.34683 16.36678 11.62177 14.00099 17.31721 16.66221 12.11977 11.89204 8.631838 16.21395 13.7005 
 
