## PMOD: production model data.
## Written: Mon Jan 10 12:19:51 2011 
# nT nIndices 
82 3 
# Catch biomass (katch, tonnes)
0.5459376 0.9063334 1.636551 2.880584 4.97804 5.443516 3.473955 5.815397 3.94172 4.678105 7.209065 6.784315 4.662124 3.842579 4.359033 4.245234 3.750528 3.942468 4.251646 3.751742 4.113248 4.383696 4.582258 5.339602 5.248903 4.86312 5.051171 4.934556 4.995084 4.892402 4.1057 3.369026 4.038085 4.480682 4.612029 3.765833 3.539485 2.956058 2.296961 2.912776 4.566713 4.408845 3.44166 3.028715 2.496383 2.347496 1.943908 2.228613 2.108466 2.124469 2.067913 1.912096 2.15876 1.664792 1.937925 1.931753 1.826683 1.864228 1.412449 1.414762 1.075238 1.186766 1.460561 1.874791 2.175027 2.746368 3.238974 3.673613 3.797546 3.832216 3.917022 3.955891 4.262808 4.075628 4.081059 3.897317 3.964092 4.01927 3.843976 3.894287 4.260191 3.99901 
# Index series indexType: 0=abs, 1=rel)
1 1 1 
# First year for each index (fYear)
15 26 39 
# Last year for each index (lYear)
82 82 82 
# Index series (possibly a matrix)
-1 -1 -1 -1 -1 -1 -1 -1 -1 -1 -1 -1 -1 -1 17.661 15.312 15.056 16.973 16.819 13.059 17.687 15.602 16.16 24.736 25.695 19.222 24.6 24.363 20.38 18.397 15.02 14.087 12.956 13.02 13.426 12.667 10.082 9.899 19.222 14.009 11.615 10.034 9.705 10.042 10.09 -1 -1 -1 -1 -1 -1 -1 -1 -1 -1 -1 -1 -1 -1 -1 -1 -1 -1 -1 -1 -1 -1 -1 -1 -1 -1 -1 -1 -1 -1 -1 -1 -1 -1 -1 -1 -1 
 
-1 -1 -1 -1 -1 -1 -1 -1 -1 -1 -1 -1 -1 -1 -1 -1 -1 -1 -1 -1 -1 -1 -1 -1 -1 20.017 19.336 25.569 36.509 15.571 13.665 11.258 7.721 12.037 7.72 8.912 3.016 8.206 27.59 26.415 19.432 17.382 10.348 10.662 7.087 -1 -1 -1 -1 -1 -1 -1 -1 -1 -1 -1 -1 -1 -1 -1 -1 -1 -1 -1 -1 -1 -1 -1 -1 -1 -1 -1 -1 -1 -1 -1 -1 -1 -1 -1 -1 -1 
 
-1 -1 -1 -1 -1 -1 -1 -1 -1 -1 -1 -1 -1 -1 -1 -1 -1 -1 -1 -1 -1 -1 -1 -1 -1 -1 -1 -1 -1 -1 -1 -1 -1 -1 -1 -1 -1 -1 28.364 24.941 23.725 28.924 20.474 26.238 18.329 16.93934 23.80696 16.94877 20.00444 18.70784 17.7371 24.07841 14.85074 20.65187 19.7977 18.3275 19.83676 15.73668 17.79156 14.73672 17.60229 20.02351 28.29937 33.97622 56.82058 61.86558 67.95918 55.60446 52.76794 56.94861 55.90264 78.6974 49.4555 57.64661 45.9916 57.53057 58.43376 45.37118 55.15733 82.50614 45.22327 48.51943
