# Number of parameters = 188 Objective function value = -751.045  Maximum gradient component = 0.00108713
# theta[1]:
 6.31502
# theta[2]:
 0.737230
# theta[3]:
 -0.537967
# theta[4]:
 5.92047
# theta[5]:
 5.57357
# theta[6]:
 0.295789
# theta[7]:
 1.41285
# sel_par[1]:
 0.967691 -1.48353
# sel_par[2]:
 1.09490 -1.14316
# sel_par[3]:
 1.56833 -0.766091
# sel_par[4]:
 0.720276 -2.99573
# sel_par[5]:
 0.720276 -2.99573
# log_ft_pars:
 -0.628394 0.119149 -6.98430 0.178745 -1.32572 -0.529654 -2.76716 -4.52723 0.312599 0.693924 0.390948 -0.296220 -0.444577 -0.466222 -0.384561 0.0438103 0.431716 -11.5858 -7.80438 -3.00453 -6.32621 -27.7111 -10.1826 -9.96774 -10.8858 -11.1477 -10.6749 -9.13357 -10.4399 -2.03168 -1.29468 -1.68005 -1.62505 -1.30943 -1.31863 -2.25593 -1.41751 -3.20393 -2.22115 -2.78349 -1.60734 -1.60119 -5.43035 -5.60483 -1.35450 -1.96079 -1.75033 -1.73252 -1.67727 -2.51012 -2.01515 -1.97254 -2.86098 -3.63684 -1.81284 -1.91495 -2.03705 -3.11999 -3.87427 -2.06032 -1.17390 -0.667401 -2.61755 -1.82027 -1.35569 -0.730077 -0.918262 -0.453907 -0.845516 -2.09871 -1.83415 -1.74020 -1.87990 -2.59434 -1.96468 -2.50970 -1.62026 -2.41743 -2.05932 -3.24861 -3.16721 -1.92140 -2.48120 -2.73031 -2.85729 -1.79352 -1.90620 -0.861338
# init_log_rec_devs:
 0.554811 1.36113 -0.716542 -0.475521 -0.301896 -0.171342 -0.103810 -0.146825
# log_rec_devs:
 0.185615 0.111396 0.746403 -0.0211892 0.309491 0.506316 0.336451 0.928184 0.611092 0.166416 0.859933 0.0884434 0.741451 -0.218266 -1.05997 0.230620 -0.0838302 -1.03402 0.106368 0.616296 0.420055 0.410560 0.598390 0.900935 0.0457772 -0.307176 0.240008 -0.763127 0.235171 0.00878677 -0.353544 -0.412314 0.202152 0.967430 1.05901 -0.0733823 1.36008 -0.326885 -0.223281 -0.678332 0.330871 -0.0532008 -0.226506 -0.843734 -0.423594 1.10940 0.124081 -0.452538 -0.334134 0.0675777 0.365382 0.357488 -0.430379 -0.286445 -0.639505 -0.136831 -0.940799 -0.315222 -0.903641 0.0437925 -1.32779 -1.16294 -0.176648 -0.534803 0.693074 -0.769878 -0.570600
# log_m_nodes:
 -0.0457057 -0.0712865 0.160438 -0.140806 -0.0396812 0.165626 -0.104823 0.0617990 0.0510749 0.0457551 -0.103205 0.100866
# log_age_tau2[1]:
0.325000000000
# log_age_tau2[2]:
0.325000000000
# log_age_tau2[3]:
0.325000000000
# phi1[1]:
0.0100000000000
# phi1[2]:
0.0100000000000
# phi1[3]:
0.0100000000000
# phi2[1]:
0.500000000000
# phi2[2]:
0.500000000000
# phi2[3]:
0.500000000000
# log_degrees_of_freedom[1]:
5.35000000000
# log_degrees_of_freedom[2]:
5.35000000000
# log_degrees_of_freedom[3]:
5.35000000000
# gamma_r:
0.00000000000
